<reference>interp_428400</reference>
<coords>
   1.0000000e+00  0.0000000e+00
   1.0000000e+00 -1.0003370e-03
   9.9000740e-01 -9.9650160e-04
   9.8000760e-01  7.6588640e-06
   9.7000910e-01  2.0998040e-03
   9.6001050e-01  3.5977750e-03
   9.5001220e-01  5.0949340e-03
   9.4001400e-01  6.2940640e-03
   9.3001600e-01  7.2940290e-03
   9.2001810e-01  7.9955910e-03
   9.1002020e-01  8.4978090e-03
   9.0002220e-01  8.8006230e-03
   8.7502720e-01  8.4121810e-03
   8.5003150e-01  6.6275320e-03
   8.2503490e-01  3.5455170e-03
   8.0003720e-01 -8.3398020e-04
   7.7503850e-01 -6.4120300e-03
   7.5003890e-01 -1.2989780e-02
   7.2503840e-01 -2.0466730e-02
   7.0003760e-01 -2.8544110e-02
   6.7503660e-01 -3.7022360e-02
   6.5003560e-01 -4.5801180e-02
   6.2503470e-01 -5.4680910e-02
   6.0003450e-01 -6.3362690e-02
   5.7503470e-01 -7.1845530e-02
   5.5003590e-01 -7.9831020e-02
   5.2503750e-01 -8.7417780e-02
   5.0003990e-01 -9.4406810e-02
   4.7504300e-01 -1.0069820e-01
   4.5004670e-01 -1.0629160e-01
   4.4004830e-01 -1.0828980e-01
   4.3005000e-01 -1.1018820e-01
   4.2005190e-01 -1.1188750e-01
   4.1005380e-01 -1.1348690e-01
   4.0005570e-01 -1.1498650e-01
   3.9005780e-01 -1.1628700e-01
   3.8005970e-01 -1.1758670e-01
   3.7006180e-01 -1.1858820e-01
   3.6006390e-01 -1.1958890e-01
   3.5006590e-01 -1.2039050e-01
   3.4006800e-01 -1.2109210e-01
   3.3007010e-01 -1.2159460e-01
   3.2007220e-01 -1.2199700e-01
   3.1007430e-01 -1.2220030e-01
   3.0007630e-01 -1.2230340e-01
   2.9007830e-01 -1.2220730e-01
   2.8008020e-01 -1.2201090e-01
   2.7008210e-01 -1.2161520e-01
   2.6008390e-01 -1.2111930e-01
   2.5008570e-01 -1.2042400e-01
   2.4008730e-01 -1.1952940e-01
   2.3008890e-01 -1.1853450e-01
   2.2009040e-01 -1.1734010e-01
   2.1009170e-01 -1.1594630e-01
   2.0009280e-01 -1.1435300e-01
   1.9009400e-01 -1.1265930e-01
   1.8009480e-01 -1.1066700e-01
   1.7009560e-01 -1.0857420e-01
   1.6009600e-01 -1.0618250e-01
   1.5009640e-01 -1.0369030e-01
   1.4009650e-01 -1.0089920e-01
   1.3009630e-01 -9.7908220e-02
   1.2009580e-01 -9.4618130e-02
   1.1009500e-01 -9.1128010e-02
   1.0009360e-01 -8.7239290e-02
   9.5092920e-02 -8.5244600e-02
   9.0092060e-02 -8.3150210e-02
   8.5091040e-02 -8.0956080e-02
   8.0090180e-02 -7.8761390e-02
   7.5088840e-02 -7.6367630e-02
   7.0087350e-02 -7.3874020e-02
   6.5086080e-02 -7.1379760e-02
   6.0084330e-02 -6.8686260e-02
   5.5082110e-02 -6.5793420e-02
   5.0079850e-02 -6.2800410e-02
   4.5077180e-02 -5.9607830e-02
   4.0074150e-02 -5.6215520e-02
   3.5070400e-02 -5.2523920e-02
   3.0066050e-02 -4.8532730e-02
   2.5061270e-02 -4.4241600e-02
   2.0054890e-02 -3.9351740e-02
   1.7551580e-02 -3.6756670e-02
   1.5047780e-02 -3.3961890e-02
   1.2543610e-02 -3.0967240e-02
   1.0039220e-02 -2.7772510e-02
   9.0366390e-03 -2.6275190e-02
   8.0347620e-03 -2.4877260e-02
   7.0321220e-03 -2.3279830e-02
   6.0292970e-03 -2.1582430e-02
   5.0258750e-03 -1.9685310e-02
   4.0225120e-03 -1.7688020e-02
   3.0180870e-03 -1.5291110e-02
   2.0131800e-03 -1.2494170e-02
   1.7122060e-03 -1.1694810e-02
   1.5102790e-03 -1.0795710e-02
   1.3082060e-03 -9.7966210e-03
   1.0071820e-03 -8.7972190e-03
   8.0509610e-04 -7.5980490e-03
   5.0379260e-04 -6.1986980e-03
   4.0298460e-04 -5.4990130e-03
   3.0215670e-04 -4.6993290e-03
   2.0156260e-04 -3.8995900e-03
   1.0073250e-04 -2.6999300e-03
   8.0436460e-10 -5.0251840e-07
   1.0061500e-04  2.6993130e-03
   2.0116550e-04  3.7991890e-03
   3.0158690e-04  4.5990820e-03
   4.0221190e-04  5.3989330e-03
   5.0261170e-04  5.9988190e-03
   8.0348090e-04  7.3985230e-03
   1.0049030e-03  8.4980890e-03
   1.3053130e-03  9.3978890e-03
   1.5064140e-03  1.0197470e-02
   1.7076910e-03  1.0996970e-02
   2.0076710e-03  1.1596950e-02
   3.0094080e-03  1.3895950e-02
   4.0100760e-03  1.5695440e-02
   5.0109080e-03  1.7394800e-02
   6.0113380e-03  1.8894390e-02
   7.0116770e-03  2.0294030e-02
   8.0118550e-03  2.1593780e-02
   9.0122650e-03  2.2893350e-02
   1.0012440e-02  2.4093090e-02
   1.2513170e-02  2.6992190e-02
   1.5013410e-02  2.9591690e-02
   1.7513440e-02  3.1991410e-02
   2.0014000e-02  3.4390550e-02
   2.5014290e-02  3.8689700e-02
   3.0014240e-02  4.2589240e-02
   3.5014420e-02  4.6288450e-02
   4.0014670e-02  4.9787560e-02
   4.5014840e-02  5.3086740e-02
   5.0014840e-02  5.6186160e-02
   5.5015010e-02  5.9185300e-02
   6.0014900e-02  6.1984910e-02
   6.5014840e-02  6.4684410e-02
   7.0014790e-02  6.7283870e-02
   7.5015090e-02  6.9882660e-02
   8.0015000e-02  7.2282190e-02
   8.5014860e-02  7.4581840e-02
   9.0014970e-02  7.6880910e-02
   9.5015000e-02  7.9080150e-02
   1.0001490e-01  8.1179610e-02
   1.1001480e-01  8.5178530e-02
   1.2001470e-01  8.8977120e-02
   1.3001470e-01  9.2575510e-02
   1.4001450e-01  9.5874600e-02
   1.5001440e-01  9.9072920e-02
   1.6001430e-01  1.0207140e-01
   1.7001410e-01  1.0487000e-01
   1.8001390e-01  1.0746890e-01
   1.9001350e-01  1.0986810e-01
   2.0001330e-01  1.1216690e-01
   2.1001310e-01  1.1436510e-01
   2.2001290e-01  1.1636370e-01
   2.3001250e-01  1.1816280e-01
   2.4001220e-01  1.1986140e-01
   2.5001180e-01  1.2136060e-01
   2.6001150e-01  1.2275940e-01
   2.7001120e-01  1.2405780e-01
   2.8001080e-01  1.2515660e-01
   2.9001040e-01  1.2615500e-01
   3.0001000e-01  1.2695390e-01
   3.1000960e-01  1.2765230e-01
   3.2000910e-01  1.2815120e-01
   3.3000870e-01  1.2854960e-01
   3.4000820e-01  1.2874840e-01
   3.5000770e-01  1.2884660e-01
   3.6000710e-01  1.2874540e-01
   3.7000660e-01  1.2844490e-01
   3.8000600e-01  1.2814330e-01
   3.9000550e-01  1.2764260e-01
   4.0000500e-01  1.2704190e-01
   4.1000440e-01  1.2634130e-01
   4.2000390e-01  1.2554080e-01
   4.3000330e-01  1.2464050e-01
   4.5000220e-01  1.2263950e-01
   4.9999960e-01  1.1613940e-01
   5.4999720e-01  1.0814020e-01
   5.9999490e-01  9.8942020e-02
   6.4999310e-01  8.8646380e-02
   6.9999160e-01  7.7651490e-02
   7.4999020e-01  6.6157200e-02
   7.9998880e-01  5.4262740e-02
   8.4998760e-01  4.1968790e-02
   8.9998620e-01  2.9474190e-02
   9.1998570e-01  2.4475970e-02
   9.3998490e-01  1.9378060e-02
   9.5998560e-01  1.4181730e-02
   9.7998130e-01  8.8814910e-03
   1.0000000e+00  3.2969210e-03
</coords>
