<reference></reference><coords>
     1.000000    0.000000
     0.997980   -0.000732
     0.994587   -0.000947
     0.980440    0.000226
     0.965607    0.003032
     0.949746    0.005222
     0.932860    0.006926
     0.914915    0.007937
     0.895891    0.008255
     0.875784    0.007601
     0.854589    0.005946
     0.832318    0.003213
     0.808986   -0.000726
     0.784621   -0.005960
     0.759252   -0.012445
     0.733103   -0.020096
     0.706937   -0.028490
     0.680801   -0.037343
     0.654674   -0.046536
     0.628546   -0.055904
     0.602352   -0.065157
     0.576091   -0.074257
     0.549717   -0.082932
     0.523293   -0.091210
     0.496769   -0.098908
     0.470174   -0.105906
     0.443568   -0.112124
     0.416965   -0.117422
     0.390430   -0.121778
     0.364041   -0.125195
     0.337800   -0.127609
     0.311695   -0.128844
     0.285683   -0.128914
     0.259622   -0.127790
     0.234248   -0.125409
     0.209996   -0.121998
     0.186887   -0.117648
     0.164950   -0.112470
     0.144204   -0.106638
     0.124699   -0.100186
     0.106439   -0.093235
     0.089516   -0.085868
     0.073896   -0.078239
     0.059634   -0.070404
     0.046833   -0.062288
     0.035519   -0.054034
     0.025773   -0.045734
     0.017627   -0.037444
     0.010963   -0.029415
     0.005880   -0.021542
     0.002438   -0.013777
     0.000449   -0.005907
     0.000185   -0.003775
     0.000000   -0.000049
     0.001405    0.009926
     0.004490    0.016806
     0.009190    0.023567
     0.015329    0.030527
     0.022824    0.037688
     0.031746    0.044894
     0.041943    0.052254
     0.053494    0.059618
     0.066401    0.066885
     0.080590    0.074146
     0.096090    0.081254
     0.112944    0.088125
     0.131077    0.094809
     0.150541    0.101153
     0.171334    0.107137
     0.193493    0.112568
     0.216947    0.117576
     0.241778    0.121804
     0.267885    0.125255
     0.294285    0.127719
     0.320735    0.129147
     0.347219    0.129579
     0.373740    0.128930
     0.400273    0.127483
     0.426799    0.125301
     0.453340    0.122559
     0.479867    0.119200
     0.506379    0.115374
     0.532902    0.111186
     0.559413    0.106579
     0.585918    0.101699
     0.612435    0.096554
     0.638929    0.091060
     0.665418    0.085374
     0.691918    0.079505
     0.718420    0.073479
     0.744919    0.067345
     0.771043    0.061184
     0.796122    0.055167
     0.820156    0.049311
     0.843149    0.043615
     0.865105    0.038168
     0.886012    0.032931
     0.905884    0.027923
     0.924725    0.023163
     0.942524    0.018642
     0.959271    0.014278
     0.975007    0.010138
     0.989680    0.006064
     0.993187    0.005079
     0.996624    0.004117
     0.999999    0.003175
</coords>
