<reference>interp_025200</reference>
<coords>
   1.0000000e+00 -1.4421760e-02
   9.9795900e-01 -4.4110050e-02
   9.9496440e-01 -7.4081530e-02
   9.9059190e-01 -1.0396540e-01
   9.8347560e-01 -1.3281150e-01
   9.7287480e-01 -1.5992170e-01
   9.6030270e-01 -1.8572330e-01
   9.4621170e-01 -2.1066720e-01
   9.3065140e-01 -2.3504380e-01
   9.1364240e-01 -2.5865250e-01
   8.9520200e-01 -2.8118870e-01
   8.7540340e-01 -3.0260710e-01
   8.5433580e-01 -3.2295930e-01
   8.3206850e-01 -3.4214050e-01
   8.0865520e-01 -3.5997950e-01
   7.8417870e-01 -3.7642910e-01
   7.5873540e-01 -3.9153410e-01
   7.3241640e-01 -4.0523850e-01
   7.0530020e-01 -4.1740810e-01
   6.7747710e-01 -4.2799000e-01
   6.4904890e-01 -4.3702850e-01
   6.2011590e-01 -4.4449400e-01
   5.9077420e-01 -4.5025810e-01
   5.6112340e-01 -4.5427950e-01
   5.3126560e-01 -4.5664680e-01
   5.0130710e-01 -4.5737910e-01
   4.7135410e-01 -4.5637780e-01
   4.4150840e-01 -4.5362950e-01
   4.1186790e-01 -4.4924630e-01
   3.8253570e-01 -4.4325200e-01
   3.5362310e-01 -4.3555980e-01
   3.2522560e-01 -4.2621130e-01
   2.9742740e-01 -4.1535420e-01
   2.7033430e-01 -4.0297570e-01
   2.4405470e-01 -3.8901470e-01
   2.1865560e-01 -3.7362930e-01
   1.9421660e-01 -3.5693970e-01
   1.7085630e-01 -3.3883030e-01
   1.4863920e-01 -3.1942360e-01
   1.2760150e-01 -2.9894090e-01
   1.0788570e-01 -2.7722180e-01
   8.9523950e-02 -2.5441870e-01
   7.2539740e-02 -2.3076330e-01
   5.7110900e-02 -2.0600580e-01
   4.3144260e-02 -1.8057140e-01
   3.0895480e-02 -1.5417190e-01
   2.0238890e-02 -1.2715870e-01
   1.1591630e-02 -9.9183720e-02
   5.0461730e-03 -7.0448220e-02
   1.0368530e-03 -4.0903650e-02
   1.3107570e-06 -1.0943380e-02
   9.9112240e-04  1.9679730e-02
   4.5191540e-03  5.0061300e-02
   1.0315050e-02  8.0023050e-02
   1.8316440e-02  1.0940810e-01
   2.8168560e-02  1.3819390e-01
   3.9888930e-02  1.6626460e-01
   5.3271700e-02  1.9359330e-01
   6.8437670e-02  2.1994860e-01
   8.5106230e-02  2.4543250e-01
   1.0340900e-01  2.6972970e-01
   1.2313950e-01  2.9293460e-01
   1.4424060e-01  3.1491360e-01
   1.6672110e-01  3.3545870e-01
   1.9037770e-01  3.5470870e-01
   2.1517800e-01  3.7245250e-01
   2.4105520e-01  3.8860050e-01
   2.6784720e-01  4.0324690e-01
   2.9549850e-01  4.1618350e-01
   3.2391810e-01  4.2734640e-01
   3.5296510e-01  4.3683780e-01
   3.8254100e-01  4.4449510e-01
   4.1254640e-01  4.5025420e-01
   4.4286200e-01  4.5424810e-01
   4.7336490e-01  4.5638340e-01
   5.0393540e-01  4.5654210e-01
   5.3447470e-01  4.5485030e-01
   5.6487930e-01  4.5139130e-01
   5.9503620e-01  4.4614460e-01
   6.2486160e-01  4.3919250e-01
   6.5428530e-01  4.3067380e-01
   6.8319540e-01  4.2057350e-01
   7.1147330e-01  4.0885210e-01
   7.3904940e-01  3.9563300e-01
   7.6585180e-01  3.8103050e-01
   7.9176470e-01  3.6499870e-01
   8.1668760e-01  3.4755960e-01
   8.4057160e-01  3.2888520e-01
   8.6335350e-01  3.0907200e-01
   8.8495310e-01  2.8809520e-01
   9.0523940e-01  2.6598750e-01
   9.2409770e-01  2.4285620e-01
   9.4179340e-01  2.1906040e-01
   9.5781250e-01  1.9424850e-01
   9.6932020e-01  1.6615130e-01
   9.7798300e-01  1.3644520e-01
   9.8553510e-01  1.0678380e-01
   9.9179540e-01  7.6983830e-02
   9.9639900e-01  4.6744030e-02
   9.9917000e-01  1.6198780e-02
</coords>
