<reference>interp_100800</reference>
<coords>
   1.0000000e+00 -7.7422630e-02
   9.8836720e-01 -1.1499680e-01
   9.6679290e-01 -1.5142340e-01
   9.4656990e-01 -1.6182550e-01
   9.0152240e-01 -1.7502040e-01
   8.5581220e-01 -1.8896890e-01
   8.0985030e-01 -2.0063940e-01
   7.6362470e-01 -2.1138430e-01
   7.1735000e-01 -2.1989920e-01
   6.7082010e-01 -2.2670840e-01
   6.2442460e-01 -2.3127000e-01
   5.7828920e-01 -2.3438000e-01
   5.3274090e-01 -2.3510870e-01
   4.8793800e-01 -2.3493640e-01
   4.4407980e-01 -2.3258840e-01
   4.0138900e-01 -2.2972380e-01
   3.6001290e-01 -2.2500600e-01
   3.2018150e-01 -2.2001100e-01
   2.8202230e-01 -2.1343450e-01
   2.4577270e-01 -2.0671950e-01
   2.1145070e-01 -1.9864260e-01
   1.7939830e-01 -1.9057560e-01
   1.4948740e-01 -1.8130350e-01
   1.2220900e-01 -1.7223270e-01
   9.7230690e-02 -1.6209670e-01
   7.5143310e-02 -1.5246470e-01
   5.5500920e-02 -1.4150090e-01
   3.8982100e-02 -1.3154150e-01
   2.5003920e-02 -1.1973430e-01
   1.4200820e-02 -1.0857910e-01
   6.2207350e-03 -9.3890490e-02
   1.5706270e-03 -8.2989360e-02
   1.2644860e-05 -5.9753520e-02
   1.7962220e-03 -2.9630050e-02
   6.5228380e-03 -1.1656730e-02
   1.4512150e-02  9.1493840e-03
   2.5108700e-02  2.7819840e-02
   3.8929520e-02  4.9473910e-02
   5.5297760e-02  7.0075850e-02
   7.4825330e-02  9.2391470e-02
   9.6757880e-02  1.1326420e-01
   1.2165070e-01  1.3442100e-01
   1.4872780e-01  1.5370230e-01
   1.7852710e-01  1.7238110e-01
   2.1032920e-01  1.8861080e-01
   2.4442880e-01  2.0346760e-01
   2.8034230e-01  2.1548660e-01
   3.1815020e-01  2.2542440e-01
   3.5748140e-01  2.3175210e-01
   3.9825500e-01  2.3532950e-01
   4.4015290e-01  2.3461410e-01
   4.8305210e-01  2.3073050e-01
   5.2686630e-01  2.2240270e-01
   5.7157710e-01  2.1155890e-01
   6.1695910e-01  1.9830460e-01
   6.6274740e-01  1.8483330e-01
   7.0875880e-01  1.6999700e-01
   7.5475840e-01  1.5546330e-01
   8.0061500e-01  1.3989970e-01
   8.4602080e-01  1.2494460e-01
   8.9095750e-01  1.0938070e-01
   9.3507180e-01  9.4508500e-02
   9.5610110e-01  8.7480830e-02
   9.7497590e-01  4.8584960e-02
   9.9305190e-01 -4.3038950e-04
   9.9999990e-01 -5.3135640e-02
</coords>
