<reference>interp_282414</reference>
<coords>
   1.0000000e+00  0.0000000e+00
   1.0000000e+00 -3.1671140e-03
   9.8943390e-01 -5.5432570e-04
   9.8056920e-01  8.5287060e-04
   9.7125280e-01  2.3285330e-03
   9.6199420e-01  3.4768630e-03
   9.5232640e-01  4.2244000e-03
   9.4234980e-01  4.6097750e-03
   9.3175450e-01  4.6843780e-03
   9.2056390e-01  4.4056810e-03
   9.0886880e-01  3.7675030e-03
   8.9675530e-01  2.7289220e-03
   8.8432040e-01  1.2806280e-03
   8.7157250e-01 -5.4967090e-04
   8.5838910e-01 -2.8573910e-03
   8.4487810e-01 -5.6057430e-03
   8.3075130e-01 -8.8306970e-03
   8.1608750e-01 -1.2565570e-02
   8.0079300e-01 -1.6837260e-02
   7.8484900e-01 -2.1699890e-02
   7.6809090e-01 -2.7145540e-02
   7.5070270e-01 -3.3138120e-02
   7.3249810e-01 -3.9700760e-02
   7.1326880e-01 -4.6903610e-02
   6.9310350e-01 -5.4723340e-02
   6.7184280e-01 -6.3140770e-02
   6.5020700e-01 -7.1818270e-02
   6.2902680e-01 -8.0344030e-02
   6.0887930e-01 -8.8480910e-02
   5.8989300e-01 -9.6093620e-02
   5.7176610e-01 -1.0326920e-01
   5.5430980e-01 -1.1003290e-01
   5.3771970e-01 -1.1628820e-01
   5.2176620e-01 -1.2216040e-01
   5.0637470e-01 -1.2762670e-01
   4.9124240e-01 -1.3278670e-01
   4.7654630e-01 -1.3759420e-01
   4.6207580e-01 -1.4212090e-01
   4.4764840e-01 -1.4635200e-01
   4.3333430e-01 -1.5029810e-01
   4.1922110e-01 -1.5393210e-01
   4.0521640e-01 -1.5722480e-01
   3.9149430e-01 -1.6017080e-01
   3.7805330e-01 -1.6271510e-01
   3.6468490e-01 -1.6490890e-01
   3.5099150e-01 -1.6677920e-01
   3.3696430e-01 -1.6824950e-01
   3.2259630e-01 -1.6934790e-01
   3.0798380e-01 -1.6997660e-01
   2.9322330e-01 -1.7003670e-01
   2.7843240e-01 -1.6955900e-01
   2.6361220e-01 -1.6844480e-01
   2.4879660e-01 -1.6674770e-01
   2.3419100e-01 -1.6443860e-01
   2.1970940e-01 -1.6153860e-01
   2.0545530e-01 -1.5809640e-01
   1.9153740e-01 -1.5421300e-01
   1.7804560e-01 -1.4995050e-01
   1.6497270e-01 -1.4534630e-01
   1.5220030e-01 -1.4036160e-01
   1.3994220e-01 -1.3515140e-01
   1.2819200e-01 -1.2973520e-01
   1.1691820e-01 -1.2408150e-01
   1.0624350e-01 -1.1833350e-01
   9.6044650e-02 -1.1243510e-01
   8.6363090e-02 -1.0637510e-01
   7.7109920e-02 -1.0026680e-01
   6.8459030e-02 -9.4092700e-02
   6.0407210e-02 -8.8007040e-02
   5.2956240e-02 -8.1930120e-02
   4.6080260e-02 -7.5963710e-02
   3.9937780e-02 -7.0244610e-02
   3.4269960e-02 -6.4630990e-02
   2.9325770e-02 -5.9359010e-02
   2.4823990e-02 -5.4211030e-02
   2.0851760e-02 -4.9286400e-02
   1.7153760e-02 -4.4354650e-02
   1.3905500e-02 -3.9621600e-02
   1.1010260e-02 -3.4982390e-02
   8.4720050e-03 -3.0427170e-02
   6.2195660e-03 -2.5840250e-02
   4.3175960e-03 -2.1225250e-02
   2.7053380e-03 -1.6542600e-02
   1.4580540e-03 -1.1980670e-02
   5.8121040e-04 -7.5605990e-03
   1.2061130e-04 -3.6106530e-03
   7.6661330e-07  1.4552690e-04
   1.5703430e-04  3.8700200e-03
   6.4768440e-04  7.9668280e-03
   1.6091790e-03  1.2397710e-02
   3.0840160e-03  1.7202810e-02
   4.9819820e-03  2.2073500e-02
   7.1239020e-03  2.6664150e-02
   9.4934200e-03  3.1017950e-02
   1.2187380e-02  3.5338560e-02
   1.5187550e-02  3.9697690e-02
   1.8642380e-02  4.4211990e-02
   2.2447640e-02  4.8836150e-02
   2.6649930e-02  5.3463480e-02
   3.1298260e-02  5.8167270e-02
   3.6374210e-02  6.2987330e-02
   4.1875680e-02  6.7808800e-02
   4.7884160e-02  7.2654080e-02
   5.4375810e-02  7.7554800e-02
   6.1287480e-02  8.2387010e-02
   6.8628220e-02  8.7149890e-02
   7.6519080e-02  9.1917050e-02
   8.4857260e-02  9.6603530e-02
   9.3704800e-02  1.0117500e-01
   1.0304400e-01  1.0570270e-01
   1.1288580e-01  1.1005480e-01
   1.2329330e-01  1.1431670e-01
   1.3425080e-01  1.1842970e-01
   1.4565510e-01  1.2232080e-01
   1.5744140e-01  1.2600900e-01
   1.6966960e-01  1.2941820e-01
   1.8219410e-01  1.3259240e-01
   1.9517600e-01  1.3546450e-01
   2.0844660e-01  1.3803200e-01
   2.2209360e-01  1.4024840e-01
   2.3603420e-01  1.4212500e-01
   2.5035660e-01  1.4362410e-01
   2.6496390e-01  1.4474970e-01
   2.7995840e-01  1.4555390e-01
   2.9533640e-01  1.4600810e-01
   3.1100220e-01  1.4611840e-01
   3.2695810e-01  1.4592890e-01
   3.4310770e-01  1.4541250e-01
   3.5955210e-01  1.4457370e-01
   3.7629400e-01  1.4341500e-01
   3.9333090e-01  1.4197610e-01
   4.1076730e-01  1.4021690e-01
   4.2841140e-01  1.3815280e-01
   4.4645200e-01  1.3581300e-01
   4.6460950e-01  1.3318820e-01
   4.8307020e-01  1.3030580e-01
   5.0173890e-01  1.2717700e-01
   5.2062940e-01  1.2376590e-01
   5.3982760e-01  1.2010570e-01
   5.5943000e-01  1.1618750e-01
   5.7943710e-01  1.1201140e-01
   5.9965990e-01  1.0760340e-01
   6.2019490e-01  1.0295500e-01
   6.4102760e-01  9.8108380e-02
   6.6217470e-01  9.3027320e-02
   6.8380960e-01  8.7730710e-02
   7.0555650e-01  8.2273770e-02
   7.2760530e-01  7.6637200e-02
   7.5003350e-01  7.0851690e-02
   7.7256030e-01  6.4960850e-02
   7.9528060e-01  5.8956470e-02
   8.1819520e-01  5.2841790e-02
   8.4100810e-01  4.6708820e-02
   8.6350000e-01  4.0675640e-02
   8.8578360e-01  3.4695140e-02
   9.0806290e-01  2.8697980e-02
   9.3022820e-01  2.2739990e-02
   9.5197300e-01  1.6880880e-02
   9.7213870e-01  1.1332130e-02
   9.8803010e-01  6.8022300e-03
   1.0000000e+00  3.8776340e-03
</coords>
