<reference>interp_031500</reference>
<coords>
   1.0000000e+00 -2.1632630e-02
   9.9743210e-01 -5.0467570e-02
   9.9441810e-01 -7.9788800e-02
   9.9031590e-01 -1.0910260e-01
   9.8306750e-01 -1.3704470e-01
   9.7154810e-01 -1.6262850e-01
   9.5801010e-01 -1.8655390e-01
   9.4311060e-01 -2.0955590e-01
   9.2690060e-01 -2.3212730e-01
   9.0938160e-01 -2.5402230e-01
   8.9054890e-01 -2.7483660e-01
   8.7047670e-01 -2.9455460e-01
   8.4926180e-01 -3.1330190e-01
   8.2696580e-01 -3.3096880e-01
   8.0362680e-01 -3.4734080e-01
   7.7932150e-01 -3.6238970e-01
   7.5414660e-01 -3.7621910e-01
   7.2818610e-01 -3.8878120e-01
   7.0150540e-01 -3.9990510e-01
   6.7418460e-01 -4.0954100e-01
   6.4631930e-01 -4.1777880e-01
   6.1800130e-01 -4.2459510e-01
   5.8931580e-01 -4.2981520e-01
   5.6035160e-01 -4.3339080e-01
   5.3120090e-01 -4.3546380e-01
   5.0196060e-01 -4.3606870e-01
   4.7272860e-01 -4.3506030e-01
   4.4359600e-01 -4.3241570e-01
   4.1464740e-01 -4.2829740e-01
   3.8597600e-01 -4.2273210e-01
   3.5768860e-01 -4.1557570e-01
   3.2986940e-01 -4.0687290e-01
   3.0258620e-01 -3.9682440e-01
   2.7594000e-01 -3.8538700e-01
   2.5003850e-01 -3.7244000e-01
   2.2492990e-01 -3.5818990e-01
   2.0068090e-01 -3.4278100e-01
   1.7742150e-01 -3.2600340e-01
   1.5520080e-01 -3.0799840e-01
   1.3403070e-01 -2.8905530e-01
   1.1408260e-01 -2.6888620e-01
   9.5367920e-02 -2.4767160e-01
   7.7886110e-02 -2.2570650e-01
   6.1873340e-02 -2.0256380e-01
   4.7160390e-02 -1.7882610e-01
   3.4107210e-02 -1.5400380e-01
   2.2504330e-02 -1.2856560e-01
   1.2959450e-02 -1.0193010e-01
   5.5977600e-03 -7.4338830e-02
   1.0617800e-03 -4.5657980e-02
   1.9661360e-06 -1.6415070e-02
   9.9318360e-04  1.3822090e-02
   4.8072310e-03  4.3758450e-02
   1.1044580e-02  7.3189080e-02
   1.9620670e-02  1.0193970e-01
   3.0016840e-02  1.3003680e-01
   4.2277390e-02  1.5736590e-01
   5.6114550e-02  1.8394490e-01
   7.1733000e-02  2.0948440e-01
   8.8741350e-02  2.3419220e-01
   1.0736760e-01  2.5764810e-01
   1.2733780e-01  2.8004590e-01
   1.4860290e-01  3.0123340e-01
   1.7121870e-01  3.2094610e-01
   1.9492260e-01  3.3943460e-01
   2.1971350e-01  3.5642480e-01
   2.4553930e-01  3.7181870e-01
   2.7220940e-01  3.8579390e-01
   2.9969270e-01  3.9806820e-01
   3.2790820e-01  4.0857560e-01
   3.5670160e-01  4.1749270e-01
   3.8598390e-01  4.2459670e-01
   4.1566510e-01  4.2980920e-01
   4.4562650e-01  4.3334370e-01
   4.7574480e-01  4.3506860e-01
   5.0590310e-01  4.3481310e-01
   5.3601450e-01  4.3276900e-01
   5.6598550e-01  4.2905850e-01
   5.9570870e-01  4.2364490e-01
   6.2511990e-01  4.1664270e-01
   6.5417400e-01  4.0824680e-01
   6.8276200e-01  3.9841630e-01
   7.1076490e-01  3.8707110e-01
   7.3813550e-01  3.7437310e-01
   7.6482120e-01  3.6046370e-01
   7.9070050e-01  3.4524400e-01
   8.1567540e-01  3.2871090e-01
   8.3972040e-01  3.1108570e-01
   8.6278820e-01  2.9247100e-01
   8.8480120e-01  2.7278680e-01
   9.0560510e-01  2.5203470e-01
   9.2506460e-01  2.3032780e-01
   9.4361370e-01  2.0815200e-01
   9.6051170e-01  1.8492780e-01
   9.7153620e-01  1.5719590e-01
   9.7921050e-01  1.2741380e-01
   9.8615660e-01  9.8003250e-02
   9.9212120e-01  6.8630240e-02
   9.9657000e-01  3.8782550e-02
   9.9924850e-01  8.6006640e-03
</coords>
