<reference>interp_163800</reference>
<coords>
   1.0000000e+00 -3.3823350e-02
   9.8463490e-01 -4.9792990e-02
   9.5642230e-01 -5.1801960e-02
   9.2649820e-01 -5.5717090e-02
   8.9505260e-01 -6.1730380e-02
   8.6237130e-01 -6.9497690e-02
   8.2858580e-01 -7.9244400e-02
   7.9396900e-01 -9.0438140e-02
   7.5852230e-01 -1.0316580e-01
   7.2249730e-01 -1.1642830e-01
   6.8596130e-01 -1.3026470e-01
   6.4927090e-01 -1.4245750e-01
   6.1234220e-01 -1.5391550e-01
   5.7530050e-01 -1.6362690e-01
   5.3806820e-01 -1.7235590e-01
   5.0079510e-01 -1.7927800e-01
   4.6355600e-01 -1.8482680e-01
   4.2656400e-01 -1.8803960e-01
   3.9000670e-01 -1.8974120e-01
   3.5409450e-01 -1.8922270e-01
   3.1910740e-01 -1.8735560e-01
   2.8519670e-01 -1.8369190e-01
   2.5262590e-01 -1.7912730e-01
   2.2148710e-01 -1.7307670e-01
   1.9203590e-01 -1.6644940e-01
   1.6427870e-01 -1.5850690e-01
   1.3852680e-01 -1.5030830e-01
   1.1469830e-01 -1.4090860e-01
   9.3157530e-02 -1.3164540e-01
   7.3695660e-02 -1.2134360e-01
   5.6698080e-02 -1.1159810e-01
   4.1836110e-02 -1.0080190e-01
   2.9536230e-02 -9.1134300e-02
   1.9289810e-02 -8.0209080e-02
   1.1498670e-02 -7.0265550e-02
   5.4839330e-03 -5.7918940e-02
   2.1451250e-03 -4.8834340e-02
   2.7827830e-05 -2.9906110e-02
   1.6571380e-03 -5.9344330e-03
   5.2531720e-03  8.3185000e-03
   1.1781810e-02  2.4726240e-02
   2.0402350e-02  3.9355120e-02
   3.1962090e-02  5.6062840e-02
   4.5737940e-02  7.1620910e-02
   6.2293320e-02  8.8120590e-02
   8.0808020e-02  1.0315700e-01
   1.0166990e-01  1.1815510e-01
   1.2420990e-01  1.3142470e-01
   1.4875180e-01  1.4415440e-01
   1.7471610e-01  1.5494410e-01
   2.0232130e-01  1.6469990e-01
   2.3117870e-01  1.7242730e-01
   2.6136820e-01  1.7875930e-01
   2.9262300e-01  1.8280320e-01
   3.2494550e-01  1.8516940e-01
   3.5819100e-01  1.8498450e-01
   3.9232670e-01  1.8292100e-01
   4.2734280e-01  1.7797820e-01
   4.6310250e-01  1.7105290e-01
   4.9948730e-01  1.6238420e-01
   5.3610430e-01  1.5309070e-01
   5.7294470e-01  1.4277440e-01
   6.0968240e-01  1.3232750e-01
   6.4632610e-01  1.2107890e-01
   6.8254410e-01  1.1006500e-01
   7.1837140e-01  9.8497060e-02
   7.5349080e-01  8.7294280e-02
   7.8789960e-01  7.6003640e-02
   8.2130570e-01  6.5289820e-02
   8.5366660e-01  5.4794150e-02
   8.8476250e-01  4.5092970e-02
   9.1453120e-01  3.5821000e-02
   9.4278250e-01  2.7360490e-02
   9.5803070e-01  2.0721930e-02
   9.7569300e-01  7.7633010e-03
   9.9648810e-01 -2.2041240e-02
</coords>
