<reference>interp_214200</reference>
<coords>
   1.0000000e+00  0.0000000e+00
   1.0000000e+00 -4.6999780e-03
   9.9082730e-01 -2.5160400e-03
   9.8159850e-01 -7.8033760e-04
   9.7221220e-01  6.3204750e-04
   9.6291900e-01  1.6563270e-03
   9.5314060e-01  2.3641090e-03
   9.4306080e-01  2.5944520e-03
   9.3237800e-01  2.4394020e-03
   9.2109590e-01  1.8919950e-03
   9.0931300e-01  9.5122150e-04
   8.9712720e-01 -4.7324960e-04
   8.8463790e-01 -2.3829420e-03
   8.7184640e-01 -4.6896880e-03
   8.5864910e-01 -7.5763700e-03
   8.4514730e-01 -1.0953330e-02
   8.3104290e-01 -1.4826470e-02
   8.1643250e-01 -1.9284860e-02
   8.0121700e-01 -2.4332900e-02
   7.8539340e-01 -3.0063100e-02
   7.6876760e-01 -3.6390510e-02
   7.5153680e-01 -4.3309240e-02
   7.3350330e-01 -5.0823070e-02
   7.1446570e-01 -5.9027110e-02
   6.9452230e-01 -6.7917540e-02
   6.7347960e-01 -7.7407600e-02
   6.5204100e-01 -8.7107490e-02
   6.3101150e-01 -9.6531650e-02
   6.1098740e-01 -1.0547400e-01
   5.9207330e-01 -1.1374510e-01
   5.7396890e-01 -1.2144290e-01
   5.5647600e-01 -1.2857150e-01
   5.3979400e-01 -1.3503140e-01
   5.2371800e-01 -1.4101050e-01
   5.0815210e-01 -1.4642140e-01
   4.9279590e-01 -1.5136390e-01
   4.7784570e-01 -1.5583060e-01
   4.6309960e-01 -1.5991690e-01
   4.4836060e-01 -1.6353650e-01
   4.3372380e-01 -1.6677500e-01
   4.1928710e-01 -1.6962790e-01
   4.0495180e-01 -1.7200680e-01
   3.9091370e-01 -1.7399440e-01
   3.7717240e-01 -1.7549800e-01
   3.6352670e-01 -1.7660980e-01
   3.4957690e-01 -1.7733410e-01
   3.3532150e-01 -1.7757480e-01
   3.2075950e-01 -1.7750370e-01
   3.0599020e-01 -1.7702120e-01
   2.9111300e-01 -1.7602740e-01
   2.7623090e-01 -1.7469480e-01
   2.6134390e-01 -1.7283980e-01
   2.4645780e-01 -1.7063850e-01
   2.3177320e-01 -1.6800250e-01
   2.1719260e-01 -1.6493520e-01
   2.0281650e-01 -1.6144460e-01
   1.8874630e-01 -1.5763100e-01
   1.7508040e-01 -1.5350440e-01
   1.6181750e-01 -1.4907100e-01
   1.4885480e-01 -1.4424070e-01
   1.3639440e-01 -1.3920630e-01
   1.2443530e-01 -1.3397100e-01
   1.1297230e-01 -1.2844580e-01
   1.0210920e-01 -1.2282160e-01
   9.1742120e-02 -1.1700550e-01
   8.1961510e-02 -1.1091200e-01
   7.2585540e-02 -1.0481070e-01
   6.3893580e-02 -9.8531260e-02
   5.5801470e-02 -9.2349970e-02
   4.8393120e-02 -8.6086490e-02
   4.1580690e-02 -7.9924720e-02
   3.5557360e-02 -7.3970700e-02
   3.0029890e-02 -6.8117580e-02
   2.5289920e-02 -6.2571270e-02
   2.1040520e-02 -5.7128900e-02
   1.7379590e-02 -5.1890340e-02
   1.4014450e-02 -4.6650620e-02
   1.1141070e-02 -4.1610680e-02
   8.6600070e-03 -3.6669740e-02
   6.5719010e-03 -3.1826180e-02
   4.7814730e-03 -2.6977420e-02
   3.3829380e-03 -2.2124080e-02
   2.1990870e-03 -1.7259650e-02
   1.2422400e-03 -1.2582250e-02
   5.1329320e-04 -8.0953370e-03
   1.0337380e-04 -4.1035310e-03
   1.2548580e-07 -3.1070350e-04
   1.0933590e-04  3.4769370e-03
   4.4054310e-04  7.6600450e-03
   1.0997160e-03  1.2232360e-02
   2.0101790e-03  1.7284090e-02
   3.1571650e-03  2.2513820e-02
   4.5113470e-03  2.7530440e-02
   6.1536770e-03  3.2341040e-02
   8.1836380e-03  3.7146200e-02
   1.0514620e-02  4.2041290e-02
   1.3338180e-02  4.7129050e-02
   1.6469990e-02  5.2402060e-02
   2.0084940e-02  5.7675580e-02
   2.4191070e-02  6.3045250e-02
   2.8701710e-02  6.8601210e-02
   3.3700170e-02  7.4157410e-02
   3.9283400e-02  7.9717500e-02
   4.5363880e-02  8.5370300e-02
   5.1931260e-02  9.0928250e-02
   5.8987040e-02  9.6391220e-02
   6.6634650e-02  1.0185490e-01
   7.4773630e-02  1.0722170e-01
   8.3497790e-02  1.1240250e-01
   9.2720570e-02  1.1757610e-01
   1.0252740e-01  1.2247000e-01
   1.1292860e-01  1.2726560e-01
   1.2392170e-01  1.3186950e-01
   1.3540600e-01  1.3618620e-01
   1.4728740e-01  1.4030240e-01
   1.5965930e-01  1.4403840e-01
   1.7233060e-01  1.4756870e-01
   1.8549490e-01  1.5071510e-01
   1.9895730e-01  1.5356060e-01
   2.1281590e-01  1.5601420e-01
   2.2697340e-01  1.5816130e-01
   2.4152800e-01  1.5991200e-01
   2.5638010e-01  1.6126710e-01
   2.7163010e-01  1.6231870e-01
   2.8727740e-01  1.6297840e-01
   3.0322270e-01  1.6324740e-01
   3.1946630e-01  1.6321640e-01
   3.3590900e-01  1.6279730e-01
   3.5265080e-01  1.6199100e-01
   3.6969220e-01  1.6079770e-01
   3.8703270e-01  1.5930770e-01
   4.0477320e-01  1.5743080e-01
   4.2271500e-01  1.5516940e-01
   4.4105610e-01  1.5261200e-01
   4.5950010e-01  1.4967340e-01
   4.7824450e-01  1.4644180e-01
   4.9719030e-01  1.4291890e-01
   5.1633960e-01  1.3901530e-01
   5.3579020e-01  1.3482000e-01
   5.5564150e-01  1.3033160e-01
   5.7589360e-01  1.2555010e-01
   5.9634820e-01  1.2047980e-01
   6.1710480e-01  1.1511910e-01
   6.3816110e-01  1.0955880e-01
   6.5951970e-01  1.0370930e-01
   6.8137630e-01  9.7657130e-02
   7.0333480e-01  9.1411500e-02
   7.2559370e-01  8.4969200e-02
   7.4824920e-01  7.8418900e-02
   7.7100450e-01  7.1767710e-02
   7.9395870e-01  6.5014320e-02
   8.1711200e-01  5.8159230e-02
   8.4016500e-01  5.1301160e-02
   8.6291460e-01  4.4626680e-02
   8.8546280e-01  3.8044450e-02
   9.0801030e-01  3.1459500e-02
   9.3045550e-01  2.4964590e-02
   9.5249740e-01  1.8653130e-02
   9.7294260e-01  1.2726990e-02
   9.8909210e-01  7.9712010e-03
   1.0000000e+00  4.8162820e-03
</coords>
