<reference>interp_252000</reference>
<coords>
   1.0000000e+00  0.0000000e+00
   1.0000000e+00 -3.8505570e-03
   9.9005520e-01 -1.4289750e-03
   9.8102820e-01  1.2468860e-04
   9.7168060e-01  1.5721380e-03
   9.6240650e-01  2.6651590e-03
   9.5268940e-01  3.3949710e-03
   9.4266680e-01  3.7112230e-03
   9.3203250e-01  3.6834330e-03
   9.2080110e-01  3.2849290e-03
   9.0906690e-01  2.5118360e-03
   8.9692110e-01  1.3012020e-03
   8.8446190e-01 -3.5281050e-04
   8.7169460e-01 -2.3955380e-03
   8.5850500e-01 -4.9613940e-03
   8.4499810e-01 -7.9900190e-03
   8.3088130e-01 -1.1503970e-02
   8.1624130e-01 -1.5561430e-02
   8.0098200e-01 -2.0179270e-02
   7.8509180e-01 -2.5428710e-02
   7.6839260e-01 -3.1267500e-02
   7.5107460e-01 -3.7673010e-02
   7.3294620e-01 -4.4659750e-02
   7.1380240e-01 -5.2308990e-02
   6.9373610e-01 -6.0606110e-02
   6.7257260e-01 -6.9501780e-02
   6.5102470e-01 -7.8635120e-02
   6.2991170e-01 -8.7561440e-02
   6.0981920e-01 -9.6057440e-02
   5.9086510e-01 -1.0396370e-01
   5.7274820e-01 -1.1137210e-01
   5.5527560e-01 -1.1829850e-01
   5.3864450e-01 -1.2464510e-01
   5.2263640e-01 -1.3056490e-01
   5.0716720e-01 -1.3600650e-01
   4.9193510e-01 -1.4106950e-01
   4.7712570e-01 -1.4572510e-01
   4.6253230e-01 -1.5005540e-01
   4.4796600e-01 -1.5401390e-01
   4.3350790e-01 -1.5764450e-01
   4.1925050e-01 -1.6093030e-01
   4.0509840e-01 -1.6381550e-01
   3.9123540e-01 -1.6633420e-01
   3.7766050e-01 -1.6841450e-01
   3.6416850e-01 -1.7012590e-01
   3.5036080e-01 -1.7148520e-01
   3.3623180e-01 -1.7240720e-01
   3.2177730e-01 -1.7298420e-01
   3.0709490e-01 -1.7311750e-01
   2.9228240e-01 -1.7270770e-01
   2.7745080e-01 -1.7184880e-01
   2.6260090e-01 -1.7040430e-01
   2.4775380e-01 -1.6848240e-01
   2.3311300e-01 -1.6602760e-01
   2.1858730e-01 -1.6305300e-01
   2.0427880e-01 -1.5958920e-01
   1.9029300e-01 -1.5573700e-01
   1.7672350e-01 -1.5153500e-01
   1.6356590e-01 -1.4700700e-01
   1.5070870e-01 -1.4209110e-01
   1.3836040e-01 -1.3695930e-01
   1.2651700e-01 -1.3162380e-01
   1.1515890e-01 -1.2602740e-01
   1.0440020e-01 -1.2033460e-01
   9.4126320e-02 -1.1447280e-01
   8.4400600e-02 -1.0839790e-01
   7.5092680e-02 -1.0229270e-01
   6.6423480e-02 -9.6071670e-02
   5.8353690e-02 -8.9943380e-02
   5.0921730e-02 -8.3783280e-02
   4.4074080e-02 -7.7729770e-02
   3.7984730e-02 -7.1905930e-02
   3.2379480e-02 -6.6185520e-02
   2.7526350e-02 -6.0791230e-02
   2.3137090e-02 -5.5511990e-02
   1.9303660e-02 -5.0447390e-02
   1.5754070e-02 -4.5378330e-02
   1.2672950e-02 -4.0508450e-02
   9.9623760e-03 -3.5734710e-02
   7.6248250e-03 -3.1050930e-02
   5.5783780e-03 -2.6347270e-02
   3.9008690e-03 -2.1626000e-02
   2.4796210e-03 -1.6862310e-02
   1.3618310e-03 -1.2248900e-02
   5.5092880e-04 -7.7990170e-03
   1.1292580e-04 -3.8304080e-03
   4.8076020e-07 -5.7887930e-05
   1.3576750e-04  3.6947600e-03
   5.5532840e-04  7.8300460e-03
   1.3820300e-03  1.2323990e-02
   2.6052350e-03  1.7239050e-02
   4.1683700e-03  2.2269820e-02
   5.9590690e-03  2.7050400e-02
   8.0043620e-03  3.1607860e-02
   1.0402270e-02  3.6144510e-02
   1.3104080e-02  4.0742610e-02
   1.6277450e-02  4.5512590e-02
   1.9782450e-02  5.0426040e-02
   2.3722860e-02  5.5341490e-02
   2.8129450e-02  6.0342170e-02
   3.2953350e-02  6.5490330e-02
   3.8230550e-02  7.0639390e-02
   4.4049430e-02  7.5803370e-02
   5.0357750e-02  8.1039420e-02
   5.7115920e-02  8.6195200e-02
   6.4329600e-02  9.1270230e-02
   7.2112010e-02  9.6347940e-02
   8.0361370e-02  1.0133780e-01
   8.9153900e-02  1.0618090e-01
   9.8441200e-02  1.1099660e-01
   1.0826740e-01  1.1559020e-01
   1.1867210e-01  1.2009010e-01
   1.2964550e-01  1.2442190e-01
   1.4108540e-01  1.2850280e-01
   1.5291410e-01  1.3238180e-01
   1.6520640e-01  1.3593680e-01
   1.7779630e-01  1.3926970e-01
   1.9085960e-01  1.4226410e-01
   2.0421570e-01  1.4495560e-01
   2.1795710e-01  1.4727770e-01
   2.3199440e-01  1.4927500e-01
   2.4642030e-01  1.5088620e-01
   2.6113670e-01  1.5211420e-01
   2.7624510e-01  1.5302860e-01
   2.9174320e-01  1.5357450e-01
   3.0753360e-01  1.5375560e-01
   3.2361780e-01  1.5363670e-01
   3.3989810e-01  1.5316370e-01
   3.5647510e-01  1.5233940e-01
   3.7335050e-01  1.5116520e-01
   3.9052280e-01  1.4970360e-01
   4.0809480e-01  1.4789190e-01
   4.2587160e-01  1.4573980e-01
   4.4404620e-01  1.4330300e-01
   4.6233140e-01  1.4053830e-01
   4.8091860e-01  1.3750020e-01
   4.9971090e-01  1.3419570e-01
   5.1871680e-01  1.3056500e-01
   5.3802750e-01  1.2666620e-01
   5.5774090e-01  1.2249380e-01
   5.7785720e-01  1.1804780e-01
   5.9818340e-01  1.1334450e-01
   6.1881720e-01  1.0837850e-01
   6.3974960e-01  1.0321370e-01
   6.6099090e-01  9.7789970e-02
   6.8272470e-01  9.2156500e-02
   7.0456600e-01  8.6347910e-02
   7.2670840e-01  8.0352100e-02
   7.4923800e-01  7.4225600e-02
   7.7186660e-01  6.7995760e-02
   7.9469120e-01  6.1657420e-02
   8.1771220e-01  5.5212620e-02
   8.4063220e-01  4.8756360e-02
   8.6323900e-01  4.2437250e-02
   8.8564060e-01  3.6188460e-02
   9.0803950e-01  2.9929230e-02
   9.3032950e-01  2.3731850e-02
   9.5220680e-01  1.7671060e-02
   9.7249720e-01  1.1954040e-02
   9.8850360e-01  7.3234270e-03
   1.0000000e+00  4.2961390e-03
</coords>
