<reference>interp_391034</reference>
<coords>
   1.0000000e+00  0.0000000e+00
   1.0000000e+00 -2.1240670e-03
   9.9658350e-01 -2.1086860e-03
   9.8147210e-01  5.4548290e-04
   9.6654140e-01  3.2337670e-03
   9.5056430e-01  5.2370410e-03
   9.3353940e-01  6.6882300e-03
   9.1545880e-01  7.4015290e-03
   8.9630530e-01  7.3649450e-03
   8.7607900e-01  6.3596340e-03
   8.5477230e-01  4.3358390e-03
   8.3239700e-01  1.2253290e-03
   8.0896210e-01 -3.0648270e-03
   7.8448920e-01 -8.6090440e-03
   7.5900190e-01 -1.5366870e-02
   7.3271540e-01 -2.3232180e-02
   7.0640040e-01 -3.1794810e-02
   6.8011030e-01 -4.0803290e-02
   6.5382510e-01 -5.0137510e-02
   6.2754020e-01 -5.9652570e-02
   6.0121080e-01 -6.9108950e-02
   5.7482850e-01 -7.8458620e-02
   5.4836480e-01 -8.7474550e-02
   5.2186550e-01 -9.6149610e-02
   4.9529070e-01 -1.0433720e-01
   4.6866290e-01 -1.1191360e-01
   4.4203000e-01 -1.1877780e-01
   4.1539600e-01 -1.2477960e-01
   3.8881210e-01 -1.2985220e-01
   3.6233820e-01 -1.3391380e-01
   3.3597040e-01 -1.3684900e-01
   3.0970320e-01 -1.3844250e-01
   2.8350660e-01 -1.3861420e-01
   2.5727160e-01 -1.3728700e-01
   2.3177370e-01 -1.3442750e-01
   2.0747060e-01 -1.3033070e-01
   1.8438160e-01 -1.2519010e-01
   1.6252470e-01 -1.1918030e-01
   1.4191440e-01 -1.1249560e-01
   1.2258930e-01 -1.0520720e-01
   1.0454840e-01 -9.7446000e-02
   8.7867410e-02 -8.9325620e-02
   7.2511690e-02 -8.0987610e-02
   5.8529100e-02 -7.2501410e-02
   4.5992130e-02 -6.3837270e-02
   3.4920100e-02 -5.5130410e-02
   2.5375490e-02 -4.6483180e-02
   1.7379370e-02 -3.7944270e-02
   1.0844880e-02 -2.9720520e-02
   5.8438960e-03 -2.1717290e-02
   2.4252770e-03 -1.3873630e-02
   4.4726370e-04 -5.9363410e-03
   1.8390640e-04 -3.7893180e-03
   1.0067600e-07 -3.6616360e-05
   1.3630640e-03  9.9764590e-03
   4.3342950e-03  1.6930000e-02
   8.8649370e-03  2.3821480e-02
   1.4827830e-02  3.0953250e-02
   2.2158890e-02  3.8306450e-02
   3.0909980e-02  4.5746330e-02
   4.0969950e-02  5.3329410e-02
   5.2399540e-02  6.0927780e-02
   6.5196690e-02  6.8441280e-02
   7.9311220e-02  7.5918360e-02
   9.4756750e-02  8.3227380e-02
   1.1157430e-01  9.0286560e-02
   1.2970160e-01  9.7109430e-02
   1.4917810e-01  1.0356280e-01
   1.7000550e-01  1.0960230e-01
   1.9221070e-01  1.1505950e-01
   2.1573730e-01  1.1998820e-01
   2.4064960e-01  1.2406710e-01
   2.6684720e-01  1.2725080e-01
   2.9333240e-01  1.2938140e-01
   3.1985400e-01  1.3047910e-01
   3.4639770e-01  1.3061340e-01
   3.7297100e-01  1.2975480e-01
   3.9955300e-01  1.2813120e-01
   4.2612720e-01  1.2581410e-01
   4.5271510e-01  1.2294900e-01
   4.7929300e-01  1.1950850e-01
   5.0585650e-01  1.1562190e-01
   5.3243060e-01  1.1137010e-01
   5.5899680e-01  1.0672510e-01
   5.8555550e-01  1.0180170e-01
   6.1212470e-01  9.6611510e-02
   6.3867780e-01  9.1100690e-02
   6.6522490e-01  8.5395280e-02
   6.9178260e-01  7.9502960e-02
   7.1834200e-01  7.3452860e-02
   7.4489630e-01  6.7286160e-02
   7.7107400e-01  6.1090910e-02
   7.9620540e-01  5.5041530e-02
   8.2028960e-01  4.9156080e-02
   8.4333190e-01  4.3441900e-02
   8.6533460e-01  3.7969910e-02
   8.8628670e-01  3.2713100e-02
   9.0620280e-01  2.7690740e-02
   9.2508280e-01  2.2908660e-02
   9.4291990e-01  1.8371140e-02
   9.5970540e-01  1.3999620e-02
   9.7551930e-01  9.8618710e-03
   9.9023430e-01  5.7819610e-03
   9.9423690e-01  5.1650150e-03
   9.9776080e-01  4.2606230e-03
   1.0000000e+00  2.5527120e-03
</coords>
