<reference></reference>
<coords>
     1.000000   -0.060174
     0.994567   -0.084662
     0.991473   -0.110763
     0.988734   -0.137217
     0.980313   -0.160275
     0.963414   -0.177531
     0.944502   -0.191353
     0.925077   -0.204040
     0.905187   -0.217084
     0.884715   -0.229826
     0.863548   -0.241377
     0.841788   -0.252012
     0.819571   -0.262222
     0.796894   -0.271756
     0.773715   -0.280195
     0.750100   -0.287735
     0.726144   -0.294779
     0.701877   -0.301195
     0.677294   -0.306622
     0.652435   -0.311158
     0.627360   -0.315136
     0.602109   -0.318402
     0.576709   -0.320528
     0.551194   -0.321630
     0.525604   -0.322146
     0.499989   -0.321979
     0.474402   -0.320725
     0.448865   -0.318550
     0.423393   -0.315867
     0.398051   -0.312446
     0.372912   -0.307907
     0.347966   -0.302607
     0.323219   -0.296856
     0.298790   -0.290155
     0.274720   -0.282418
     0.250931   -0.274283
     0.227537   -0.265448
     0.204680   -0.255393
     0.182191   -0.244952
     0.160191   -0.233901
     0.138927   -0.221480
     0.118049   -0.208882
     0.097989   -0.195162
     0.078652   -0.180477
     0.060083   -0.165138
     0.042770   -0.148069
     0.026804   -0.129841
     0.013111   -0.109200
     0.004111   -0.085516
     0.000164   -0.060448
     0.000210   -0.033481
     0.003422   -0.005912
     0.010243    0.021057
     0.020733    0.046551
     0.032603    0.071466
     0.046864    0.094969
     0.061981    0.118039
     0.078947    0.139667
     0.096948    0.160571
     0.116125    0.180341
     0.136649    0.198751
     0.157844    0.216493
     0.180238    0.232605
     0.203530    0.247513
     0.227433    0.261485
     0.252234    0.273735
     0.277664    0.284801
     0.303574    0.294726
     0.330098    0.302800
     0.357063    0.309490
     0.384319    0.314935
     0.411857    0.318485
     0.439600    0.320473
     0.467431    0.321286
     0.495226    0.320311
     0.522916    0.317486
     0.550482    0.313415
     0.577867    0.308196
     0.605013    0.301760
     0.631997    0.294542
     0.658867    0.286878
     0.685489    0.278441
     0.711792    0.269104
     0.737872    0.259315
     0.763723    0.249174
     0.789183    0.238261
     0.814218    0.226621
     0.838932    0.214740
     0.863331    0.202595
     0.887333    0.189822
     0.910617    0.176324
     0.933092    0.162340
     0.956312    0.149161
     0.976350    0.133328
     0.983359    0.106623
     0.985807    0.076773
     0.989747    0.049106
     0.994078    0.022299
     0.997475   -0.005111
     0.999716   -0.033336
</coords>