<reference>interp_369310</reference>
<coords>
   1.0000000e+00  0.0000000e+00
   1.0000000e+00 -2.2433770e-03
   9.9658930e-01 -1.9209180e-03
   9.8178390e-01  9.3208110e-04
   9.6672560e-01  3.5222400e-03
   9.5061960e-01  5.3595570e-03
   9.3346510e-01  6.5240640e-03
   9.1526040e-01  6.9034060e-03
   8.9599090e-01  6.4795490e-03
   8.7566030e-01  5.0879340e-03
   8.5426000e-01  2.6652210e-03
   8.3180140e-01 -8.5212120e-04
   8.0828660e-01 -5.5222440e-03
   7.8372940e-01 -1.1401300e-02
   7.5814880e-01 -1.8449710e-02
   7.3175100e-01 -2.6543990e-02
   7.0530990e-01 -3.5281490e-02
   6.7888840e-01 -4.4446070e-02
   6.5246660e-01 -5.3920140e-02
   6.2604490e-01 -6.3574400e-02
   5.9959810e-01 -7.3224210e-02
   5.7311360e-01 -8.2811250e-02
   5.4657660e-01 -9.2153590e-02
   5.2002030e-01 -1.0121150e-01
   4.9341160e-01 -1.0987160e-01
   4.6676890e-01 -1.1801180e-01
   4.4012630e-01 -1.2550460e-01
   4.1347950e-01 -1.3219370e-01
   3.8686510e-01 -1.3796820e-01
   3.6032510e-01 -1.4266470e-01
   3.3384990e-01 -1.4610590e-01
   3.0743970e-01 -1.4804580e-01
   2.8107850e-01 -1.4831070e-01
   2.5468900e-01 -1.4677120e-01
   2.2908740e-01 -1.4342490e-01
   2.0475340e-01 -1.3863520e-01
   1.8170310e-01 -1.3269890e-01
   1.5994460e-01 -1.2585400e-01
   1.3948710e-01 -1.1831510e-01
   1.2035920e-01 -1.1018860e-01
   1.0255300e-01 -1.0161700e-01
   8.6128040e-02 -9.2744880e-02
   7.1051380e-02 -8.3698330e-02
   5.7360940e-02 -7.4563320e-02
   4.5099920e-02 -6.5353360e-02
   3.4280780e-02 -5.6196450e-02
   2.4947350e-02 -4.7204800e-02
   1.7109670e-02 -3.8420800e-02
   1.0711740e-02 -3.0007300e-02
   5.7998930e-03 -2.1877370e-02
   2.4091970e-03 -1.3959710e-02
   4.4468390e-04 -5.9610810e-03
   1.8251900e-04 -3.8002150e-03
   6.4919880e-08 -2.3611680e-05
   1.3193570e-03  1.0021050e-02
   4.1729470e-03  1.7044010e-02
   8.5293330e-03  2.4063530e-02
   1.4310070e-02  3.1363010e-02
   2.1470270e-02  3.8905090e-02
   3.0043400e-02  4.6575510e-02
   3.9957760e-02  5.4379480e-02
   5.1256080e-02  6.2208920e-02
   6.3933490e-02  6.9966950e-02
   7.7961180e-02  7.7658160e-02
   9.3340810e-02  8.5165710e-02
   1.1010950e-01  9.2412000e-02
   1.2821650e-01  9.9373420e-02
   1.4769070e-01  1.0593430e-01
   1.6853670e-01  1.1203080e-01
   1.9077210e-01  1.1751530e-01
   2.1435310e-01  1.2236630e-01
   2.3932860e-01  1.2630070e-01
   2.6559800e-01  1.2922030e-01
   2.9214890e-01  1.3102570e-01
   3.1872320e-01  1.3180060e-01
   3.4530820e-01  1.3164640e-01
   3.7191580e-01  1.3058700e-01
   3.9852910e-01  1.2879950e-01
   4.2513380e-01  1.2635680e-01
   4.5175080e-01  1.2337660e-01
   4.7836140e-01  1.1986560e-01
   5.0495920e-01  1.1592530e-01
   5.3156700e-01  1.1161940e-01
   5.5817040e-01  1.0694420e-01
   5.8476510e-01  1.0198470e-01
   6.1137010e-01  9.6758360e-02
   6.3796470e-01  9.1240020e-02
   6.6455190e-01  8.5520550e-02
   6.9114950e-01  7.9612720e-02
   7.1774820e-01  7.3544540e-02
   7.4434000e-01  6.7352160e-02
   7.7055410e-01  6.1128940e-02
   7.9572050e-01  5.5053420e-02
   8.1983870e-01  4.9145040e-02
   8.4291570e-01  4.3417430e-02
   8.6494940e-01  3.7924130e-02
   8.8593270e-01  3.2653760e-02
   9.0587860e-01  2.7619090e-02
   9.2478700e-01  2.2825680e-02
   9.4265000e-01  1.8273060e-02
   9.5946200e-01  1.3896760e-02
   9.7527800e-01  9.7209180e-03
   9.9001260e-01  5.6335180e-03
   9.9384730e-01  4.8830120e-03
   9.9734860e-01  3.9556740e-03
   1.0000000e+00  2.5197840e-03
</coords>
