<reference>interp_499655</reference>
<coords>
   1.0000000e+00  0.0000000e+00
   1.0000000e+00 -1.0206920e-03
   9.9045180e-01 -7.8505160e-04
   9.8046560e-01  4.7058090e-04
   9.7055810e-01  2.0879520e-03
   9.6064740e-01  3.4632650e-03
   9.5075000e-01  4.7887550e-03
   9.4086300e-01  5.9352890e-03
   9.3098340e-01  6.9331550e-03
   9.2111060e-01  7.7291010e-03
   9.1123870e-01  8.3653490e-03
   9.0136600e-01  8.8382940e-03
   8.7667160e-01  9.1484300e-03
   8.5193570e-01  8.2916630e-03
   8.2714540e-01  6.2967150e-03
   8.0228800e-01  3.1564330e-03
   7.7736410e-01 -1.0948870e-03
   7.5238890e-01 -6.3280440e-03
   7.2736090e-01 -1.2411840e-02
   7.0230900e-01 -1.9121780e-02
   6.7725080e-01 -2.6285440e-02
   6.5218780e-01 -3.3784080e-02
   6.2713480e-01 -4.1438490e-02
   6.0212260e-01 -4.9019280e-02
   5.7713450e-01 -5.6464720e-02
   5.5220370e-01 -6.3573010e-02
   5.2730330e-01 -7.0359880e-02
   5.0244980e-01 -7.6685800e-02
   4.7764160e-01 -8.2457800e-02
   4.5286770e-01 -8.7651960e-02
   4.4297010e-01 -8.9541600e-02
   4.3307480e-01 -9.1340830e-02
   4.2319030e-01 -9.2999670e-02
   4.1330680e-01 -9.4564990e-02
   4.0342420e-01 -9.6036550e-02
   3.9354920e-01 -9.7365770e-02
   3.8366790e-01 -9.8648360e-02
   3.7379830e-01 -9.9739750e-02
   3.6392320e-01 -1.0078390e-01
   3.5405200e-01 -1.0168240e-01
   3.4417960e-01 -1.0248180e-01
   3.3430910e-01 -1.0313510e-01
   3.2443660e-01 -1.0368560e-01
   3.1456350e-01 -1.0408440e-01
   3.0468810e-01 -1.0437610e-01
   2.9481010e-01 -1.0451270e-01
   2.8492940e-01 -1.0453740e-01
   2.7504460e-01 -1.0440250e-01
   2.6515720e-01 -1.0415320e-01
   2.5526420e-01 -1.0374300e-01
   2.4536440e-01 -1.0317120e-01
   2.3546220e-01 -1.0248400e-01
   2.2555210e-01 -1.0163070e-01
   2.1563310e-01 -1.0061140e-01
   2.0570450e-01 -9.9423060e-02
   1.9577420e-01 -9.8112990e-02
   1.8582380e-01 -9.6582400e-02
   1.7587270e-01 -9.4923580e-02
   1.6589900e-01 -9.3036840e-02
   1.5592610e-01 -9.1016170e-02
   1.4592860e-01 -8.8761010e-02
   1.3591960e-01 -8.6316350e-02
   1.2588430e-01 -8.3625690e-02
   1.1583920e-01 -8.0732510e-02
   1.0575090e-01 -7.7525360e-02
   1.0070900e-01 -7.5852040e-02
   9.5656620e-02 -7.4096260e-02
   9.0593610e-02 -7.2256910e-02
   8.5541020e-02 -7.0383200e-02
   8.0458450e-02 -6.8367030e-02
   7.5366740e-02 -6.6259150e-02
   7.0288720e-02 -6.4111850e-02
   6.5181520e-02 -6.1811250e-02
   6.0045180e-02 -5.9351450e-02
   5.4906190e-02 -5.6780990e-02
   4.9741920e-02 -5.4036990e-02
   4.4555700e-02 -5.1109440e-02
   3.9325630e-02 -4.7925320e-02
   3.4058330e-02 -4.4466700e-02
   2.8764600e-02 -4.0712050e-02
   2.3372570e-02 -3.6434960e-02
   2.0669170e-02 -3.4137840e-02
   1.7935940e-02 -3.1658460e-02
   1.5179640e-02 -2.8986840e-02
   1.2409920e-02 -2.6111070e-02
   1.1251200e-02 -2.4775390e-02
   1.0135840e-02 -2.3502590e-02
   8.9736620e-03 -2.2060450e-02
   7.8000600e-03 -2.0520680e-02
   6.5898080e-03 -1.8797690e-02
   5.3831920e-03 -1.6963870e-02
   4.1113010e-03 -1.4753990e-02
   2.8098130e-03 -1.2141890e-02
   2.4499680e-03 -1.1381090e-02
   2.1315790e-03 -1.0536410e-02
   1.8041720e-03 -9.5924140e-03
   1.4412600e-03 -8.6291360e-03
   1.1131160e-03 -7.4801030e-03
   7.3302870e-04 -6.1199970e-03
   5.8337910e-04 -5.4393390e-03
   4.3251260e-04 -4.6587620e-03
   2.9601290e-04 -3.8747810e-03
   1.4500540e-04 -2.6957150e-03
   4.9422290e-08 -3.0876060e-05
   1.3778850e-04  2.6577710e-03
   2.7160880e-04  3.7501960e-03
   3.9750110e-04  4.5435930e-03
   5.3590320e-04  5.3344430e-03
   6.6046990e-04  5.9274300e-03
   1.0138790e-03  7.3092320e-03
   1.3012630e-03  8.3826020e-03
   1.6264150e-03  9.2702790e-03
   1.8940700e-03  1.0044540e-02
   2.1725600e-03  1.0813950e-02
   2.4713120e-03  1.1412360e-02
   3.5780560e-03  1.3651200e-02
   4.6191160e-03  1.5419690e-02
   5.6701910e-03  1.7080240e-02
   6.6966390e-03  1.8555060e-02
   7.7174950e-03  1.9933010e-02
   8.7283740e-03  2.1217990e-02
   9.7536060e-03  2.2491210e-02
   1.0764540e-02  2.3675590e-02
   1.3309110e-02  2.6519920e-02
   1.5824070e-02  2.9089650e-02
   1.8325630e-02  3.1472440e-02
   2.0860420e-02  3.3819200e-02
   2.5877760e-02  3.8067210e-02
   3.0874900e-02  4.1938810e-02
   3.5886290e-02  4.5590490e-02
   4.0901060e-02  4.9035620e-02
   4.5911520e-02  5.2285430e-02
   5.0912050e-02  5.5349690e-02
   5.5922250e-02  5.8296760e-02
   6.0915410e-02  6.1072530e-02
   6.5911640e-02  6.3742250e-02
   7.0908990e-02  6.6309200e-02
   7.5927150e-02  6.8834380e-02
   8.0921620e-02  7.1205970e-02
   8.5912890e-02  7.3484050e-02
   9.0919850e-02  7.5726850e-02
   9.5921390e-02  7.7880520e-02
   1.0091690e-01  7.9947380e-02
   1.1090740e-01  8.3880570e-02
   1.2090420e-01  8.7593980e-02
   1.3090400e-01  9.1095260e-02
   1.4088790e-01  9.4339110e-02
   1.5088580e-01  9.7436280e-02
   1.6087970e-01  1.0034150e-01
   1.7086870e-01  1.0305930e-01
   1.8085280e-01  1.0559210e-01
   1.9083160e-01  1.0794290e-01
   2.0081670e-01  1.1016350e-01
   2.1080690e-01  1.1225610e-01
   2.2079120e-01  1.1417050e-01
   2.3076940e-01  1.1591180e-01
   2.4075070e-01  1.1753110e-01
   2.5072670e-01  1.1897850e-01
   2.6070520e-01  1.2030330e-01
   2.7068570e-01  1.2150410e-01
   2.8066170e-01  1.2253280e-01
   2.9063920e-01  1.2343660e-01
   3.0061320e-01  1.2416690e-01
   3.1058790e-01  1.2477090e-01
   3.2055990e-01  1.2520220e-01
   3.3053180e-01  1.2550440e-01
   3.4050180e-01  1.2562690e-01
   3.5047080e-01  1.2562100e-01
   3.6043860e-01  1.2544680e-01
   3.7040640e-01  1.2511180e-01
   3.8037170e-01  1.2471770e-01
   3.9033820e-01  1.2417340e-01
   4.0030440e-01  1.2353170e-01
   4.1027060e-01  1.2279490e-01
   4.3020390e-01  1.2104530e-01
   4.5013500e-01  1.1898430e-01
   4.9997670e-01  1.1247880e-01
   5.4982500e-01  1.0452330e-01
   5.9968570e-01  9.5437580e-02
   6.4957830e-01  8.5405350e-02
   6.9948340e-01  7.4719700e-02
   7.4939900e-01  6.3570500e-02
   7.9931440e-01  5.2010740e-02
   8.4923960e-01  4.0082310e-02
   8.9915490e-01  2.7914360e-02
   9.1911990e-01  2.3023260e-02
   9.3907220e-01  1.8051680e-02
   9.5911480e-01  1.3077250e-02
   9.7884830e-01  7.7627460e-03
   1.0000000e+00  3.1108480e-03
</coords>
