<reference>interp_063000</reference>
<coords>
   1.0000000e+00 -5.7687020e-02
   9.9479720e-01 -8.2255190e-02
   9.9168660e-01 -1.0832510e-01
   9.8893570e-01 -1.3478860e-01
   9.8102660e-01 -1.5821090e-01
   9.6491500e-01 -1.7616270e-01
   9.4654700e-01 -1.9070710e-01
   9.2760490e-01 -2.0399890e-01
   9.0814660e-01 -2.1754440e-01
   8.8807760e-01 -2.3087100e-01
   8.6728380e-01 -2.4307580e-01
   8.4584280e-01 -2.5429240e-01
   8.2389130e-01 -2.6501520e-01
   8.0145210e-01 -2.7511010e-01
   7.7848470e-01 -2.8414710e-01
   7.5503580e-01 -2.9219240e-01
   7.3120260e-01 -2.9964430e-01
   7.0703450e-01 -3.0649490e-01
   6.8253100e-01 -3.1239030e-01
   6.5772230e-01 -3.1729590e-01
   6.3267150e-01 -3.2153010e-01
   6.0742860e-01 -3.2510020e-01
   5.8202390e-01 -3.2760040e-01
   5.5649260e-01 -3.2894700e-01
   5.3087730e-01 -3.2954830e-01
   5.0522840e-01 -3.2951660e-01
   4.7960130e-01 -3.2847240e-01
   4.5403440e-01 -3.2634690e-01
   4.2854460e-01 -3.2355320e-01
   4.0317760e-01 -3.2013220e-01
   3.7801620e-01 -3.1565520e-01
   3.5308840e-01 -3.1018110e-01
   3.2837980e-01 -3.0417500e-01
   3.0396830e-01 -2.9744370e-01
   2.7995780e-01 -2.8956670e-01
   2.5630130e-01 -2.8099320e-01
   2.3300230e-01 -2.7198770e-01
   2.1024740e-01 -2.6186900e-01
   1.8800880e-01 -2.5087230e-01
   1.6617680e-01 -2.3962750e-01
   1.4506680e-01 -2.2720810e-01
   1.2458780e-01 -2.1393600e-01
   1.0461800e-01 -2.0042240e-01
   8.5685580e-02 -1.8535340e-01
   6.7241030e-02 -1.7009960e-01
   5.0165900e-02 -1.5316350e-01
   3.3831540e-02 -1.3560000e-01
   1.9798540e-02 -1.1566190e-01
   8.3556930e-03 -9.3791890e-02
   1.1864120e-03 -6.9429620e-02
   5.2430280e-06 -4.3773520e-02
   1.0034900e-03 -1.5466080e-02
   6.2476160e-03  1.2244190e-02
   1.4692210e-02  3.9019210e-02
   2.6141770e-02  6.4597460e-02
   3.9258250e-02  8.9251590e-02
   5.4219720e-02  1.1287240e-01
   7.0328790e-02  1.3570300e-01
   8.8209670e-02  1.5716350e-01
   1.0691690e-01  1.7799090e-01
   1.2716020e-01  1.9723990e-01
   1.4832910e-01  2.1560250e-01
   1.7041440e-01  2.3283240e-01
   1.9370640e-01  2.4838290e-01
   2.1764680e-01  2.6306380e-01
   2.4239110e-01  2.7628610e-01
   2.6795970e-01  2.8790990e-01
   2.9401990e-01  2.9852880e-01
   3.2066390e-01  3.0749180e-01
   3.4785840e-01  3.1472150e-01
   3.7538420e-01  3.2076720e-01
   4.0319880e-01  3.2510450e-01
   4.3125850e-01  3.2758460e-01
   4.5944890e-01  3.2882150e-01
   4.8764440e-01  3.2849470e-01
   5.1574150e-01  3.2616820e-01
   5.4371370e-01  3.2236230e-01
   5.7151630e-01  3.1739440e-01
   5.9907160e-01  3.1114640e-01
   6.2641150e-01  3.0389400e-01
   6.5361740e-01  2.9611140e-01
   6.8059540e-01  2.8763010e-01
   7.0722310e-01  2.7816640e-01
   7.3356640e-01  2.6807320e-01
   7.5966820e-01  2.5762990e-01
   7.8537970e-01  2.4647070e-01
   8.1061430e-01  2.3446750e-01
   8.3546430e-01  2.2208870e-01
   8.5996190e-01  2.0946590e-01
   8.8404140e-01  1.9624470e-01
   9.0743350e-01  1.8227100e-01
   9.2989880e-01  1.6768590e-01
   9.5271470e-01  1.5361040e-01
   9.7400790e-01  1.3832410e-01
   9.8261660e-01  1.1241910e-01
   9.8534800e-01  8.2256780e-02
   9.8926440e-01  5.4100340e-02
   9.9374980e-01  2.6862310e-02
   9.9742500e-01 -1.0248680e-03
   9.9964090e-01 -2.9389900e-02
</coords>
