<reference>interp_201600</reference>
<coords>
   1.0000000e+00  0.0000000e+00
   1.0000000e+00 -4.9831180e-03
   9.9108470e-01 -2.8783950e-03
   9.8178870e-01 -1.0820130e-03
   9.7238940e-01  3.1868390e-04
   9.6308980e-01  1.3200500e-03
   9.5329100e-01  2.0204880e-03
   9.4319220e-01  2.2221950e-03
   9.3249310e-01  2.0247250e-03
   9.2119410e-01  1.4276840e-03
   9.0939510e-01  4.3101660e-04
   8.9719590e-01 -1.0647340e-03
   8.8469650e-01 -3.0596520e-03
   8.7189700e-01 -5.4544050e-03
   8.5869710e-01 -8.4480280e-03
   8.4519700e-01 -1.1941110e-02
   8.3109680e-01 -1.5933970e-02
   8.1649620e-01 -2.0526000e-02
   8.0129530e-01 -2.5717450e-02
   7.8549400e-01 -3.1607890e-02
   7.6889250e-01 -3.8098180e-02
   7.5169080e-01 -4.5187980e-02
   7.3368890e-01 -5.2877510e-02
   7.1468680e-01 -6.1266480e-02
   6.9478440e-01 -7.0354690e-02
   6.7378200e-01 -8.0042880e-02
   6.5237980e-01 -8.9931620e-02
   6.3137810e-01 -9.9521720e-02
   6.1137680e-01 -1.0861280e-01
   5.9247600e-01 -1.1700560e-01
   5.7437570e-01 -1.2479980e-01
   5.5687610e-01 -1.3199580e-01
   5.4017720e-01 -1.3849360e-01
   5.2407850e-01 -1.4449240e-01
   5.0848040e-01 -1.4989300e-01
   4.9308290e-01 -1.5479540e-01
   4.7808570e-01 -1.5919920e-01
   4.6328870e-01 -1.6320400e-01
   4.4849220e-01 -1.6671070e-01
   4.3379570e-01 -1.6981850e-01
   4.1929930e-01 -1.7252710e-01
   4.0490290e-01 -1.7473720e-01
   3.9080640e-01 -1.7654780e-01
   3.7700970e-01 -1.7785920e-01
   3.6331280e-01 -1.7877110e-01
   3.4931560e-01 -1.7928380e-01
   3.3501810e-01 -1.7929730e-01
   3.2042020e-01 -1.7901020e-01
   3.0562200e-01 -1.7832240e-01
   2.9072320e-01 -1.7713400e-01
   2.7582420e-01 -1.7564340e-01
   2.6092500e-01 -1.7365160e-01
   2.4602580e-01 -1.7135710e-01
   2.3132660e-01 -1.6866080e-01
   2.1672770e-01 -1.6556260e-01
   2.0232910e-01 -1.6206310e-01
   1.8823070e-01 -1.5826240e-01
   1.7453270e-01 -1.5416090e-01
   1.6123470e-01 -1.4975900e-01
   1.4823680e-01 -1.4495730e-01
   1.3573910e-01 -1.3995530e-01
   1.2374140e-01 -1.3475340e-01
   1.1224350e-01 -1.2925190e-01
   1.0134550e-01 -1.2365060e-01
   9.0947390e-02 -1.1784970e-01
   8.1148480e-02 -1.1175000e-01
   7.1749830e-02 -1.0565000e-01
   6.3050280e-02 -9.9351120e-02
   5.4950720e-02 -9.3152170e-02
   4.7550250e-02 -8.6854220e-02
   4.0749560e-02 -8.0656380e-02
   3.4748240e-02 -7.4658960e-02
   2.9246700e-02 -6.8761600e-02
   2.4544450e-02 -6.3164620e-02
   2.0341670e-02 -5.7667860e-02
   1.6738240e-02 -5.2371320e-02
   1.3434570e-02 -4.7074710e-02
   1.0630450e-02 -4.1978090e-02
   8.2258840e-03 -3.6981420e-02
   6.2209260e-03 -3.2084590e-02
   4.5158380e-03 -2.7187480e-02
   3.2102940e-03 -2.2290100e-02
   2.1055750e-03 -1.7392100e-02
   1.2023770e-03 -1.2693370e-02
   5.0074800e-04 -8.1941110e-03
   1.0018980e-04 -4.1945720e-03
   7.0609320e-09 -3.9497540e-04
   1.0052530e-04  3.4043290e-03
   4.0228130e-04  7.6033790e-03
   1.0056110e-03  1.2201820e-02
   1.8118260e-03  1.7299100e-02
   2.8200970e-03  2.2595150e-02
   4.0287730e-03  2.7690460e-02
   5.5367820e-03  3.2585430e-02
   7.4440940e-03  3.7480090e-02
   9.6514640e-03  4.2474190e-02
   1.2358420e-02  4.7667870e-02
   1.5365830e-02  5.3060730e-02
   1.8872300e-02  5.8453610e-02
   2.2878270e-02  6.3946280e-02
   2.7284500e-02  6.9638170e-02
   3.2190040e-02  7.5330080e-02
   3.7694720e-02  8.1022210e-02
   4.3699250e-02  8.6813930e-02
   5.0203040e-02  9.2505930e-02
   5.7206180e-02  9.8098220e-02
   6.4808860e-02  1.0369060e-01
   7.2911050e-02  1.0918310e-01
   8.1612410e-02  1.1447630e-01
   9.0813700e-02  1.1976920e-01
   1.0061410e-01  1.2476330e-01
   1.1101410e-01  1.2965740e-01
   1.2201380e-01  1.3435200e-01
   1.3351290e-01  1.3874730e-01
   1.4541180e-01  1.4294260e-01
   1.5781020e-01  1.4673900e-01
   1.7050860e-01  1.5033510e-01
   1.8370660e-01  1.5353200e-01
   1.9720450e-01  1.5642900e-01
   2.1110220e-01  1.5892640e-01
   2.2529980e-01  1.6112340e-01
   2.3989720e-01  1.6292060e-01
   2.5479450e-01  1.6431810e-01
   2.7009170e-01  1.6541540e-01
   2.8578880e-01  1.6611310e-01
   3.0178570e-01  1.6641140e-01
   3.1808250e-01  1.6640960e-01
   3.3457930e-01  1.6600850e-01
   3.5137600e-01  1.6520820e-01
   3.6847270e-01  1.6400860e-01
   3.8586940e-01  1.6250910e-01
   4.0366600e-01  1.6061040e-01
   4.2166270e-01  1.5831260e-01
   4.4005940e-01  1.5571500e-01
   4.5855630e-01  1.5271840e-01
   4.7735310e-01  1.4942230e-01
   4.9635010e-01  1.4582660e-01
   5.1554720e-01  1.4183210e-01
   5.3504450e-01  1.3753790e-01
   5.5494170e-01  1.3294420e-01
   5.7523900e-01  1.2805090e-01
   5.9573650e-01  1.2285820e-01
   6.1653400e-01  1.1736600e-01
   6.3763160e-01  1.1167390e-01
   6.5902920e-01  1.0568240e-01
   6.8092680e-01  9.9490680e-02
   7.0292450e-01  9.3099360e-02
   7.2522220e-01  8.6508240e-02
   7.4791970e-01  7.9816660e-02
   7.7071710e-01  7.3025030e-02
   7.9371460e-01  6.6133280e-02
   8.1691190e-01  5.9141440e-02
   8.4000930e-01  5.2149420e-02
   8.6280640e-01  4.5356490e-02
   8.8540350e-01  3.8663110e-02
   9.0800060e-01  3.1969590e-02
   9.3049750e-01  2.5375500e-02
   9.5259420e-01  1.8980480e-02
   9.7309110e-01  1.2984640e-02
   9.8928830e-01  8.1871260e-03
   1.0000000e+00  4.9896620e-03
</coords>
