<reference>interp_415800</reference>
<coords>
   1.0000000e+00  0.0000000e+00
   1.0000000e+00 -1.9880540e-03
   9.9657680e-01 -2.3227420e-03
   9.8111670e-01  1.0476100e-04
   9.6633140e-01  2.9049070e-03
   9.5050120e-01  5.0973730e-03
   9.3362420e-01  6.8753800e-03
   9.1568510e-01  7.9693890e-03
   8.9666370e-01  8.3742950e-03
   8.7655640e-01  7.8093710e-03
   8.5535620e-01  6.2403430e-03
   8.3307600e-01  3.5936220e-03
   8.0973230e-01 -2.6337270e-04
   7.8535530e-01 -5.4258720e-03
   7.5997440e-01 -1.1852440e-02
   7.3381490e-01 -1.9456720e-02
   7.0764350e-01 -2.7820000e-02
   6.8150320e-01 -3.6650530e-02
   6.5537390e-01 -4.5825310e-02
   6.2924480e-01 -5.5181680e-02
   6.0304930e-01 -6.4417560e-02
   5.7678350e-01 -7.3496630e-02
   5.5040330e-01 -8.2140440e-02
   5.2396910e-01 -9.0379060e-02
   4.9743280e-01 -9.8028020e-02
   4.7082210e-01 -1.0496160e-01
   4.4420020e-01 -1.1110920e-01
   4.1758070e-01 -1.1632740e-01
   3.9103170e-01 -1.2059990e-01
   3.6463310e-01 -1.2393790e-01
   3.3838770e-01 -1.2629620e-01
   3.1228360e-01 -1.2749460e-01
   2.8627470e-01 -1.2756020e-01
   2.6021570e-01 -1.2647490e-01
   2.3483610e-01 -1.2417040e-01
   2.1056820e-01 -1.2086370e-01
   1.8743510e-01 -1.1663010e-01
   1.6546600e-01 -1.1157230e-01
   1.4468150e-01 -1.0586150e-01
   1.2513170e-01 -9.9528430e-02
   1.0682320e-01 -9.2691060e-02
   8.9850290e-02 -8.5427660e-02
   7.4176450e-02 -7.7897390e-02
   5.9860800e-02 -7.0150820e-02
   4.7009250e-02 -6.2108940e-02
   3.5648930e-02 -5.3915110e-02
   2.5863570e-02 -4.5660530e-02
   1.7686830e-02 -3.7401030e-02
   1.0996660e-02 -2.9393580e-02
   5.8940600e-03 -2.1534810e-02
   2.4436090e-03 -1.3775500e-02
   4.5020470e-04 -5.9081380e-03
   1.8548810e-04 -3.7768950e-03
   1.4143800e-07 -5.1441690e-05
   1.4128910e-03  9.9256300e-03
   4.5182310e-03  1.6800040e-02
   9.2475260e-03  2.3545540e-02
   1.5418080e-02  3.0486110e-02
   2.2943910e-02  3.7624000e-02
   3.1897890e-02  4.4801060e-02
   4.2123850e-02  5.2132340e-02
   5.3703070e-02  5.9467280e-02
   6.6636730e-02  6.6702010e-02
   8.0850270e-02  7.3934980e-02
   9.6370920e-02  8.1017680e-02
   1.1324420e-01  8.7863560e-02
   1.3139470e-01  9.4528470e-02
   1.5087380e-01  1.0085940e-01
   1.7167990e-01  1.0683380e-01
   1.9385080e-01  1.1226000e-01
   2.1731530e-01  1.1727710e-01
   2.4215570e-01  1.2152080e-01
   2.6827130e-01  1.2500570e-01
   2.9468170e-01  1.2750700e-01
   3.2114320e-01  1.2897260e-01
   3.4763980e-01  1.2943580e-01
   3.7417390e-01  1.2880610e-01
   4.0072030e-01  1.2736930e-01
   4.2725980e-01  1.2519550e-01
   4.5381430e-01  1.2246150e-01
   4.8035500e-01  1.1910130e-01
   5.0687950e-01  1.1527610e-01
   5.3341520e-01  1.1108590e-01
   5.5993880e-01  1.0647530e-01
   5.8645650e-01  1.0159310e-01
   6.1298500e-01  9.6444090e-02
   6.3949080e-01  9.0941840e-02
   6.6599210e-01  8.5252480e-02
   6.9250430e-01  7.9377830e-02
   7.1901890e-01  7.3348340e-02
   7.4553050e-01  6.7210920e-02
   7.7166680e-01  6.1047550e-02
   7.9675830e-01  5.5027970e-02
   8.2080360e-01  4.9168660e-02
   8.4380640e-01  4.3469790e-02
   8.6577380e-01  3.8022100e-02
   8.8669030e-01  3.2780760e-02
   9.0657230e-01  2.7772420e-02
   9.2542000e-01  2.3003270e-02
   9.4322760e-01  1.8482940e-02
   9.5998290e-01  1.4116890e-02
   9.7579430e-01  1.0022560e-02
   9.9048700e-01  5.9511860e-03
   9.9468110e-01  5.4864980e-03
   9.9823080e-01  4.6082650e-03
   1.0000000e+00  2.5902500e-03
</coords>
