<reference>interp_504000</reference>
<coords>
   1.0000000e+00  0.0000000e+00
   1.0000000e+00 -1.0219330e-03
   9.9047890e-01 -7.7215830e-04
   9.8049350e-01  4.9880780e-04
   9.7059160e-01  2.0872300e-03
   9.6068620e-01  3.4550630e-03
   9.5079500e-01  4.7700850e-03
   9.4091470e-01  5.9134130e-03
   9.3104240e-01  6.9111510e-03
   9.2117720e-01  7.7128510e-03
   9.1131300e-01  8.3572720e-03
   9.0144800e-01  8.8405910e-03
   8.7677190e-01  9.1933240e-03
   8.5205180e-01  8.3931350e-03
   8.2727410e-01  6.4644710e-03
   8.0242520e-01  3.3997510e-03
   7.7750590e-01 -7.7067070e-04
   7.5253220e-01 -5.9218400e-03
   7.2750250e-01 -1.1920690e-02
   7.0244750e-01 -1.8547240e-02
   6.7738580e-01 -2.5630750e-02
   6.5231900e-01 -3.3051330e-02
   6.2726280e-01 -4.0631020e-02
   6.0224990e-01 -4.8144680e-02
   5.7726250e-01 -5.5526860e-02
   5.5233590e-01 -6.2581670e-02
   5.2744150e-01 -6.9319770e-02
   5.0259680e-01 -7.5605250e-02
   4.7780000e-01 -8.1345580e-02
   4.5303970e-01 -8.6515400e-02
   4.4314820e-01 -8.8398420e-02
   4.3325930e-01 -9.0191600e-02
   4.2338170e-01 -9.1847970e-02
   4.1350520e-01 -9.3411210e-02
   4.0362960e-01 -9.4881060e-02
   3.9376210e-01 -9.6212040e-02
   3.8388790e-01 -9.7493590e-02
   3.7402610e-01 -9.8590460e-02
   3.6415850e-01 -9.9637250e-02
   3.5429500e-01 -1.0054160e-01
   3.4443030e-01 -1.0134700e-01
   3.3456750e-01 -1.0200960e-01
   3.2470270e-01 -1.0256910e-01
   3.1483730e-01 -1.0297980e-01
   3.0496930e-01 -1.0328300e-01
   2.9509860e-01 -1.0343370e-01
   2.8522510e-01 -1.0347200e-01
   2.7534720e-01 -1.0335300e-01
   2.6546650e-01 -1.0311870e-01
   2.5557990e-01 -1.0272590e-01
   2.4568620e-01 -1.0217370e-01
   2.3578980e-01 -1.0150540e-01
   2.2588510e-01 -1.0067280e-01
   2.1597100e-01 -9.9676320e-02
   2.0604670e-01 -9.8512700e-02
   1.9612050e-01 -9.7226020e-02
   1.8617310e-01 -9.5723590e-02
   1.7622500e-01 -9.4091230e-02
   1.6625290e-01 -9.2235270e-02
   1.5628160e-01 -9.0243360e-02
   1.4628420e-01 -8.8020880e-02
   1.3627460e-01 -8.5609530e-02
   1.2623730e-01 -8.2955420e-02
   1.1618940e-01 -8.0098630e-02
   1.0609580e-01 -7.6933050e-02
   1.0105140e-01 -7.5279320e-02
   9.5995930e-02 -7.3544190e-02
   9.0929140e-02 -7.1726470e-02
   8.5873390e-02 -6.9872330e-02
   8.0785860e-02 -6.7879190e-02
   7.5688650e-02 -6.5794830e-02
   7.0605950e-02 -6.3668680e-02
   6.5492320e-02 -6.1392040e-02
   6.0347800e-02 -5.8958640e-02
   5.5200480e-02 -5.6413950e-02
   5.0026360e-02 -5.3697300e-02
   4.4828970e-02 -5.0798090e-02
   3.9585100e-02 -4.7644920e-02
   3.4301760e-02 -4.4218770e-02
   2.8990420e-02 -4.0496830e-02
   2.3574870e-02 -3.6257110e-02
   2.0859270e-02 -3.3978160e-02
   1.8112050e-02 -3.1518010e-02
   1.5340380e-02 -2.8866080e-02
   1.2554470e-02 -2.6009760e-02
   1.1386230e-02 -2.4683940e-02
   1.0263960e-02 -2.3418770e-02
   9.0920490e-03 -2.1986090e-02
   7.9080340e-03 -2.0455940e-02
   6.6851700e-03 -1.8743570e-02
   5.4661600e-03 -1.6919710e-02
   4.1779610e-03 -1.4721230e-02
   2.8583880e-03 -1.2120410e-02
   2.4949540e-03 -1.1361960e-02
   2.1694630e-03 -1.0520600e-02
   1.8344140e-03 -9.5799620e-03
   1.4677280e-03 -8.6188870e-03
   1.1318980e-03 -7.4729110e-03
   7.4700660e-04 -6.1151980e-03
   5.9437880e-04 -5.4357000e-03
   4.4046120e-04 -4.6562890e-03
   3.0177210e-04 -3.8732680e-03
   1.4770500e-04 -2.6954580e-03
   5.2386800e-08 -3.2728110e-05
   1.4005520e-04  2.6552380e-03
   2.7590410e-04  3.7472090e-03
   4.0334950e-04  4.5402090e-03
   5.4405510e-04  5.3305100e-03
   6.7009540e-04  5.9230770e-03
   1.0267080e-03  7.3037870e-03
   1.3193340e-03  8.3755600e-03
   1.6459940e-03  9.2624980e-03
   1.9177080e-03  1.0035210e-02
   2.2009050e-03  1.0802790e-02
   2.4995830e-03  1.1401110e-02
   3.6127290e-03  1.3636280e-02
   4.6562530e-03  1.5402870e-02
   5.7103920e-03  1.7061060e-02
   6.7384260e-03  1.8534370e-02
   7.7605330e-03  1.9910990e-02
   8.7720640e-03  2.1195070e-02
   9.7988090e-03  2.2466690e-02
   1.0810400e-02  2.3650130e-02
   1.3357640e-02  2.6491120e-02
   1.5873500e-02  2.9059040e-02
   1.8375160e-02  3.1440790e-02
   2.0912030e-02  3.3784360e-02
   2.5930410e-02  3.8029250e-02
   3.0927380e-02  4.1899150e-02
   3.5939450e-02  4.5547930e-02
   4.0955110e-02  4.8989770e-02
   4.5966200e-02  5.2236570e-02
   5.0966760e-02  5.5298680e-02
   5.5977570e-02  5.8242580e-02
   6.0970320e-02  6.1016890e-02
   6.5966320e-02  6.3684800e-02
   7.0963510e-02  6.6249770e-02
   7.5982760e-02  6.8770460e-02
   8.0976900e-02  7.1140350e-02
   8.5967640e-02  7.3417110e-02
   9.0975030e-02  7.5656480e-02
   9.5976660e-02  7.7807370e-02
   1.0097190e-01  7.9872240e-02
   1.1096180e-01  8.3801430e-02
   1.2095850e-01  8.7509650e-02
   1.3095820e-01  9.1005000e-02
   1.4094120e-01  9.4245480e-02
   1.5093890e-01  9.7336480e-02
   1.6093240e-01  1.0023600e-01
   1.7092080e-01  1.0294890e-01
   1.8090390e-01  1.0547760e-01
   1.9088150e-01  1.0782550e-01
   2.0086570e-01  1.1004140e-01
   2.1085530e-01  1.1212750e-01
   2.2083860e-01  1.1403670e-01
   2.3081560e-01  1.1577460e-01
   2.4079580e-01  1.1738900e-01
   2.5077030e-01  1.1883330e-01
   2.6074750e-01  1.2015350e-01
   2.7072680e-01  1.2134840e-01
   2.8070140e-01  1.2237290e-01
   2.9067760e-01  1.2327080e-01
   3.0065000e-01  1.2399700e-01
   3.1062320e-01  1.2459520e-01
   3.2059340e-01  1.2502240e-01
   3.3056370e-01  1.2531870e-01
   3.4053190e-01  1.2543660e-01
   3.5049910e-01  1.2542440e-01
   3.6046490e-01  1.2524560e-01
   3.7043080e-01  1.2490860e-01
   3.8039400e-01  1.2450880e-01
   3.9035850e-01  1.2396190e-01
   4.0032270e-01  1.2331760e-01
   4.1028680e-01  1.2257860e-01
   4.2025120e-01  1.2174760e-01
   4.3021610e-01  1.2082610e-01
   4.5014310e-01  1.1876140e-01
   4.9997530e-01  1.1225560e-01
   5.4981450e-01  1.0430270e-01
   5.9966680e-01  9.5223890e-02
   6.4955300e-01  8.5207730e-02
   6.9945240e-01  7.4540930e-02
   7.4936300e-01  6.3412780e-02
   7.9927330e-01  5.1873420e-02
   8.4919400e-01  3.9967280e-02
   8.9910420e-01  2.7819250e-02
   9.1906710e-01  2.2934680e-02
   9.3901650e-01  1.7970800e-02
   9.5906170e-01  1.3009900e-02
   9.7877920e-01  7.6945300e-03
   1.0000000e+00  3.0995020e-03
</coords>
