<reference>interp_088200</reference>
<coords>
   1.0000000e+00 -8.3551570e-02
   9.8979330e-01 -1.2324450e-01
   9.7832790e-01 -1.7058710e-01
   9.5860450e-01 -1.8298660e-01
   9.1315390e-01 -1.9704710e-01
   8.6692160e-01 -2.1150780e-01
   8.2011160e-01 -2.2250630e-01
   7.7292490e-01 -2.3209220e-01
   7.2555470e-01 -2.3860370e-01
   6.7815220e-01 -2.4408690e-01
   6.3094480e-01 -2.4726710e-01
   5.8411200e-01 -2.4950110e-01
   5.3790010e-01 -2.4908590e-01
   4.9248140e-01 -2.4798460e-01
   4.4805740e-01 -2.4480600e-01
   4.0482230e-01 -2.4128250e-01
   3.6294670e-01 -2.3591210e-01
   3.2262570e-01 -2.3039220e-01
   2.8403870e-01 -2.2318640e-01
   2.4734510e-01 -2.1609060e-01
   2.1268420e-01 -2.0734980e-01
   1.8022860e-01 -1.9902870e-01
   1.5008710e-01 -1.8904480e-01
   1.2245010e-01 -1.7980970e-01
   9.7351490e-02 -1.6896800e-01
   7.4967490e-02 -1.5920500e-01
   5.5342900e-02 -1.4753350e-01
   3.8614310e-02 -1.3743740e-01
   2.4796990e-02 -1.2498750e-01
   1.3997480e-02 -1.1357130e-01
   6.2209660e-03 -9.8458790e-02
   1.5569780e-03 -8.7404930e-02
   1.6008980e-06 -6.3846670e-02
   1.5855400e-03 -3.2853710e-02
   6.2592140e-03 -1.4354880e-02
   1.4036890e-02  7.2197180e-03
   2.4810260e-02  2.6454860e-02
   3.8607660e-02  4.8987510e-02
   5.5317180e-02  7.0231450e-02
   7.4927230e-02  9.3584120e-02
   9.7291630e-02  1.1520560e-01
   1.2237940e-01  1.3754780e-01
   1.4999090e-01  1.5766030e-01
   1.8011830e-01  1.7767120e-01
   2.1254220e-01  1.9487060e-01
   2.4717490e-01  2.1110930e-01
   2.8382600e-01  2.2428470e-01
   3.2236850e-01  2.3576160e-01
   3.6262620e-01  2.4349390e-01
   4.0442550e-01  2.4869460e-01
   4.4756030e-01  2.4953070e-01
   4.9186280e-01  2.4735080e-01
   5.3715640e-01  2.4006390e-01
   5.8326220e-01  2.2957630e-01
   6.2999970e-01  2.1632050e-01
   6.7713010e-01  2.0275770e-01
   7.2446700e-01  1.8770250e-01
   7.7180240e-01  1.7299030e-01
   8.1894230e-01  1.5706830e-01
   8.6568200e-01  1.4195960e-01
   9.1181640e-01  1.2586020e-01
   9.5714880e-01  1.1059690e-01
   9.7872110e-01  1.0327110e-01
   9.8809790e-01  5.4676930e-02
   9.9475340e-01 -3.9323650e-03
   9.9999990e-01 -5.8641840e-02
</coords>
