<reference>interp_352800</reference>
<coords>
   1.0000000e+00  0.0000000e+00
   1.0000000e+00 -2.3340530e-03
   9.9659380e-01 -1.7782140e-03
   9.8202090e-01  1.2258960e-03
   9.6686560e-01  3.7414790e-03
   9.5066160e-01  5.4526690e-03
   9.3340850e-01  6.3992980e-03
   9.1510950e-01  6.5248330e-03
   8.9575190e-01  5.8066490e-03
   8.7534200e-01  4.1214430e-03
   8.5387070e-01  1.3955520e-03
   8.3134870e-01 -2.4309830e-03
   8.0777310e-01 -7.3898800e-03
   7.8315200e-01 -1.3523410e-02
   7.5750050e-01 -2.0792670e-02
   7.3101810e-01 -2.9060960e-02
   7.0448110e-01 -3.7931360e-02
   6.7795980e-01 -4.7214580e-02
   6.5143410e-01 -5.6794940e-02
   6.2490850e-01 -6.6555000e-02
   5.9837240e-01 -7.6351810e-02
   5.7181030e-01 -8.6119240e-02
   5.4521760e-01 -9.5709670e-02
   5.1861790e-01 -1.0505850e-01
   4.9198360e-01 -1.1407770e-01
   4.6532940e-01 -1.2264650e-01
   4.3867960e-01 -1.3061700e-01
   4.1202310e-01 -1.3782840e-01
   3.8538530e-01 -1.4413640e-01
   3.5879510e-01 -1.4931530e-01
   3.3223840e-01 -1.5314120e-01
   3.0571940e-01 -1.5534440e-01
   2.7923320e-01 -1.5568010e-01
   2.5272620e-01 -1.5397920e-01
   2.2704580e-01 -1.5026300e-01
   2.0268840e-01 -1.4494660e-01
   1.7966750e-01 -1.3840550e-01
   1.5798370e-01 -1.3092600e-01
   1.3764230e-01 -1.2273780e-01
   1.1866420e-01 -1.1397450e-01
   1.0103640e-01 -1.0478700e-01
   8.4806130e-02 -9.5343520e-02
   6.9941550e-02 -8.5758480e-02
   5.6473140e-02 -7.6130380e-02
   4.4421840e-02 -6.6505580e-02
   3.3794890e-02 -5.7006650e-02
   2.4621960e-02 -4.7753240e-02
   1.6904700e-02 -3.8782960e-02
   1.0610550e-02 -3.0225260e-02
   5.7664510e-03 -2.1999020e-02
   2.3969750e-03 -1.4025130e-02
   4.4272330e-04 -5.9798840e-03
   1.8146460e-04 -3.8084970e-03
   3.7745220e-08 -1.3728120e-05
   1.2861390e-03  1.0054930e-02
   4.0503230e-03  1.7130650e-02
   8.2742740e-03  2.4247490e-02
   1.3916570e-02  3.1674440e-02
   2.0946920e-02  3.9360060e-02
   2.9384790e-02  4.7205690e-02
   3.9188500e-02  5.5177520e-02
   5.0387060e-02  6.3182590e-02
   6.2973460e-02  7.1126460e-02
   7.6935150e-02  7.8980410e-02
   9.2264700e-02  8.6638840e-02
   1.0899630e-01  9.4027330e-02
   1.2708780e-01  1.0109410e-01
   1.4656020e-01  1.0773660e-01
   1.6742050e-01  1.1387640e-01
   1.8967870e-01  1.1938160e-01
   2.1330120e-01  1.2417360e-01
   2.3832460e-01  1.2799820e-01
   2.6464870e-01  1.3071700e-01
   2.9124940e-01  1.3227530e-01
   3.1786370e-01  1.3280500e-01
   3.4448010e-01  1.3243150e-01
   3.7111390e-01  1.3121950e-01
   3.9775090e-01  1.2930750e-01
   4.2437870e-01  1.2676920e-01
   4.5101790e-01  1.2370160e-01
   4.7765340e-01  1.2013700e-01
   5.0427720e-01  1.1615580e-01
   5.3091070e-01  1.1180880e-01
   5.5754230e-01  1.0711070e-01
   5.8416440e-01  1.0212380e-01
   6.1079660e-01  9.6869970e-02
   6.3742280e-01  9.1345910e-02
   6.6404040e-01  8.5615760e-02
   6.9066830e-01  7.9696140e-02
   7.1729690e-01  7.3614220e-02
   7.4391720e-01  6.7402330e-02
   7.7015890e-01  6.1157850e-02
   7.9535190e-01  5.5062450e-02
   8.1949600e-01  4.9136650e-02
   8.4259940e-01  4.3398830e-02
   8.6465660e-01  3.7889330e-02
   8.8566370e-01  3.2608650e-02
   9.0563220e-01  2.7564630e-02
   9.2456220e-01  2.2762600e-02
   9.4244490e-01  1.8198530e-02
   9.5927700e-01  1.3818580e-02
   9.7509470e-01  9.6137940e-03
   9.8984410e-01  5.5207010e-03
   9.9355130e-01  4.6686900e-03
   9.9703520e-01  3.7239130e-03
   1.0000000e+00  2.4947590e-03
</coords>
