<reference>interp_065172</reference>
<coords>
   1.0000000e+00 -6.0173530e-02
   9.9461550e-01 -8.4447440e-02
   9.9149820e-01 -1.1029320e-01
   9.8884060e-01 -1.3656010e-01
   9.8088580e-01 -1.5967070e-01
   9.6445760e-01 -1.7709610e-01
   9.4575640e-01 -1.9099350e-01
   9.2653550e-01 -2.0361570e-01
   9.0685320e-01 -2.1653860e-01
   8.8660830e-01 -2.2927440e-01
   8.6567940e-01 -2.4088540e-01
   8.4414390e-01 -2.5151570e-01
   8.2214170e-01 -2.6168510e-01
   7.9969250e-01 -2.7125770e-01
   7.7675070e-01 -2.7978890e-01
   7.5336090e-01 -2.8735120e-01
   7.2962020e-01 -2.9436330e-01
   7.0557580e-01 -3.0082000e-01
   6.8122240e-01 -3.0635480e-01
   6.5658690e-01 -3.1093420e-01
   6.3173020e-01 -3.1489230e-01
   6.0669940e-01 -3.1823840e-01
   5.8152100e-01 -3.2055110e-01
   5.5622640e-01 -3.2174400e-01
   5.3085500e-01 -3.2224380e-01
   5.0545380e-01 -3.2216810e-01
   4.8007520e-01 -3.2112150e-01
   4.5475430e-01 -3.1903180e-01
   4.2950310e-01 -3.1632940e-01
   4.0436390e-01 -3.1305630e-01
   3.7941810e-01 -3.0876420e-01
   3.5468970e-01 -3.0351280e-01
   3.3015870e-01 -2.9778540e-01
   3.0590130e-01 -2.9137870e-01
   2.8202120e-01 -2.8385130e-01
   2.5846490e-01 -2.7566920e-01
   2.3523140e-01 -2.6710540e-01
   2.1251120e-01 -2.5744600e-01
   1.9027140e-01 -2.4693260e-01
   1.6839380e-01 -2.3621870e-01
   1.4720370e-01 -2.2433380e-01
   1.2660300e-01 -2.1160940e-01
   1.0646150e-01 -1.9867860e-01
   8.7327810e-02 -1.8416640e-01
   6.8625900e-02 -1.6949780e-01
   5.1273400e-02 -1.5310560e-01
   3.4612730e-02 -1.3608510e-01
   2.0270200e-02 -1.1660890e-01
   8.5458950e-03 -9.5133480e-02
   1.1950080e-03 -7.1069040e-02
   5.4690210e-06 -4.5660310e-02
   1.0042000e-03 -1.7485960e-02
   6.3469530e-03  1.0070800e-02
   1.4943770e-02  3.6662670e-02
   2.6591510e-02  6.2022140e-02
   3.9895590e-02  8.6438810e-02
   5.5043330e-02  1.0980390e-01
   7.1309080e-02  1.3237600e-01
   8.9345990e-02  1.5355520e-01
   1.0817040e-01  1.7411490e-01
   1.2852520e-01  1.9307380e-01
   1.4977680e-01  2.1115810e-01
   1.7191870e-01  2.2811510e-01
   1.9525730e-01  2.4337850e-01
   2.1921400e-01  2.5779690e-01
   2.4395510e-01  2.7075930e-01
   2.6950590e-01  2.8212310e-01
   2.9552410e-01  2.9251050e-01
   3.2211020e-01  3.0124520e-01
   3.4923430e-01  3.0824880e-01
   3.7667270e-01  3.1409640e-01
   4.0438600e-01  3.1824290e-01
   4.3233390e-01  3.2053460e-01
   4.6040220e-01  3.2161310e-01
   4.8846510e-01  3.2114470e-01
   5.1642000e-01  3.1867550e-01
   5.4424470e-01  3.1474810e-01
   5.7189770e-01  3.0969340e-01
   5.9930360e-01  3.0338790e-01
   6.2650060e-01  2.9611820e-01
   6.5357900e-01  2.8837790e-01
   6.8044600e-01  2.7998970e-01
   7.0697890e-01  2.7065570e-01
   7.3325130e-01  2.6074220e-01
   7.5931280e-01  2.5053790e-01
   7.8501270e-01  2.3965870e-01
   8.1026520e-01  2.2796790e-01
   8.3517080e-01  2.1595090e-01
   8.5976690e-01  2.0374140e-01
   8.8398900e-01  1.9096590e-01
   9.0755960e-01  1.7745970e-01
   9.3023220e-01  1.6336570e-01
   9.5334240e-01  1.4984890e-01
   9.7493870e-01  1.3511000e-01
   9.8338080e-01  1.0933100e-01
   9.8577130e-01  7.9142500e-02
   9.8947870e-01  5.1072550e-02
   9.9386210e-01  2.3981770e-02
   9.9748390e-01 -3.7702070e-03
   9.9966800e-01 -3.2009930e-02
</coords>
