<reference>interp_226800</reference>
<coords>
   1.0000000e+00  0.0000000e+00
   1.0000000e+00 -4.4168370e-03
   9.9056990e-01 -2.1536850e-03
   9.8140840e-01 -4.7866220e-04
   9.7203500e-01  9.4541110e-04
   9.6274820e-01  1.9926050e-03
   9.5299020e-01  2.7077290e-03
   9.4292950e-01  2.9667090e-03
   9.3226280e-01  2.8540790e-03
   9.2099760e-01  2.3563070e-03
   9.0923100e-01  1.4714260e-03
   8.9705850e-01  1.1823430e-04
   8.8457920e-01 -1.7062310e-03
   8.7179580e-01 -3.9249720e-03
   8.5860110e-01 -6.7047110e-03
   8.4509760e-01 -9.9655620e-03
   8.3098910e-01 -1.3718970e-02
   8.1636870e-01 -1.8043710e-02
   8.0113870e-01 -2.2948360e-02
   7.8529290e-01 -2.8518300e-02
   7.6864260e-01 -3.4682840e-02
   7.5138270e-01 -4.1430500e-02
   7.3331760e-01 -4.8768630e-02
   7.1424460e-01 -5.6787740e-02
   6.9426020e-01 -6.5480400e-02
   6.7317730e-01 -7.4772330e-02
   6.5170230e-01 -8.4283370e-02
   6.3064490e-01 -9.3541580e-02
   6.1059800e-01 -1.0233510e-01
   5.9167050e-01 -1.1048470e-01
   5.7356200e-01 -1.1808600e-01
   5.5607590e-01 -1.2514720e-01
   5.3941080e-01 -1.3156930e-01
   5.2335750e-01 -1.3752870e-01
   5.0782380e-01 -1.4294970e-01
   4.9250900e-01 -1.4793250e-01
   4.7760570e-01 -1.5246210e-01
   4.6291050e-01 -1.5662970e-01
   4.4822910e-01 -1.6036230e-01
   4.3365180e-01 -1.6373150e-01
   4.1927490e-01 -1.6672870e-01
   4.0500070e-01 -1.6927630e-01
   3.9102090e-01 -1.7144100e-01
   3.7733510e-01 -1.7313690e-01
   3.6374060e-01 -1.7444850e-01
   3.4983820e-01 -1.7538450e-01
   3.3562500e-01 -1.7585230e-01
   3.2109880e-01 -1.7599720e-01
   3.0635840e-01 -1.7572000e-01
   2.9150280e-01 -1.7492090e-01
   2.7663750e-01 -1.7374610e-01
   2.6176290e-01 -1.7202800e-01
   2.4688980e-01 -1.6991980e-01
   2.3221980e-01 -1.6734420e-01
   2.1765750e-01 -1.6430780e-01
   2.0330390e-01 -1.6082620e-01
   1.8926180e-01 -1.5699970e-01
   1.7562810e-01 -1.5284790e-01
   1.6240030e-01 -1.4838300e-01
   1.4947280e-01 -1.4352420e-01
   1.3704970e-01 -1.3845730e-01
   1.2512920e-01 -1.3318860e-01
   1.1370120e-01 -1.2763970e-01
   1.0287290e-01 -1.2199260e-01
   9.2536850e-02 -1.1616130e-01
   8.2774540e-02 -1.1007400e-01
   7.3421260e-02 -1.0397130e-01
   6.4736880e-02 -9.7711390e-02
   5.6652210e-02 -9.1547770e-02
   4.9235990e-02 -8.5318750e-02
   4.2411820e-02 -7.9193070e-02
   3.6366490e-02 -7.3282440e-02
   3.0813090e-02 -6.7473560e-02
   2.6035400e-02 -6.1977930e-02
   2.1739380e-02 -5.6589930e-02
   1.8020950e-02 -5.1409360e-02
   1.4594320e-02 -4.6226520e-02
   1.1651700e-02 -4.1243270e-02
   9.0941300e-03 -3.6358060e-02
   6.9228760e-03 -3.1567760e-02
   5.0471080e-03 -2.6767370e-02
   3.5555820e-03 -2.1958050e-02
   2.2925980e-03 -1.7127210e-02
   1.2821040e-03 -1.2471130e-02
   5.2583840e-04 -7.9965640e-03
   1.0655780e-04 -4.0124900e-03
   2.4391060e-07 -2.2643170e-04
   1.1814640e-04  3.5495450e-03
   4.7880490e-04  7.7167120e-03
   1.1938200e-03  1.2262910e-02
   2.2085310e-03  1.7269080e-02
   3.4942340e-03  2.2432480e-02
   4.9939210e-03  2.7370430e-02
   6.7705720e-03  3.2096640e-02
   8.9231820e-03  3.6812300e-02
   1.1377770e-02  4.1608400e-02
   1.4317930e-02  4.6590230e-02
   1.7574140e-02  5.1743390e-02
   2.1297580e-02  5.6897550e-02
   2.5503860e-02  6.2144220e-02
   3.0118930e-02  6.7564250e-02
   3.5210290e-02  7.2984730e-02
   4.0872080e-02  7.8412790e-02
   4.7028500e-02  8.3926670e-02
   5.3659480e-02  8.9350570e-02
   6.0767890e-02  9.4684230e-02
   6.8460430e-02  1.0001920e-01
   7.6636210e-02  1.0526040e-01
   8.5383160e-02  1.1032860e-01
   9.4627450e-02  1.1538290e-01
   1.0444070e-01  1.2017680e-01
   1.1484310e-01  1.2487370e-01
   1.2582960e-01  1.2938700e-01
   1.3729910e-01  1.3362500e-01
   1.4916300e-01  1.3766220e-01
   1.6150830e-01  1.4133790e-01
   1.7415250e-01  1.4480240e-01
   1.8728310e-01  1.4789810e-01
   2.0071010e-01  1.5069230e-01
   2.1452960e-01  1.5310200e-01
   2.2864710e-01  1.5519920e-01
   2.4315880e-01  1.5690340e-01
   2.5796560e-01  1.5821610e-01
   2.7316840e-01  1.5922200e-01
   2.8876600e-01  1.5984380e-01
   3.0465960e-01  1.6008350e-01
   3.2085020e-01  1.6002320e-01
   3.3723870e-01  1.5958610e-01
   3.5392550e-01  1.5877380e-01
   3.7091160e-01  1.5758690e-01
   3.8819610e-01  1.5610630e-01
   4.0588040e-01  1.5425110e-01
   4.2376720e-01  1.5202620e-01
   4.4205280e-01  1.4950900e-01
   4.6044380e-01  1.4662840e-01
   4.7913590e-01  1.4346120e-01
   4.9803050e-01  1.4001110e-01
   5.1713200e-01  1.3619850e-01
   5.3653600e-01  1.3210210e-01
   5.5634130e-01  1.2771900e-01
   5.7654810e-01  1.2304930e-01
   5.9695990e-01  1.1810130e-01
   6.1767560e-01  1.1287230e-01
   6.3869060e-01  1.0744380e-01
   6.6001010e-01  1.0173620e-01
   6.8182570e-01  9.5823590e-02
   7.0374520e-01  8.9723640e-02
   7.2596530e-01  8.3430170e-02
   7.4857880e-01  7.7021130e-02
   7.7129190e-01  7.0510400e-02
   7.9420290e-01  6.3895350e-02
   8.1731210e-01  5.7177030e-02
   8.4032070e-01  5.0452890e-02
   8.6302270e-01  4.3896870e-02
   8.8552200e-01  3.7425790e-02
   9.0802000e-01  3.0949410e-02
   9.3041350e-01  2.4553670e-02
   9.5240050e-01  1.8325770e-02
   9.7279420e-01  1.2469340e-02
   9.8889600e-01  7.7552770e-03
   1.0000000e+00  4.6429010e-03
</coords>
