<reference>interp_217241</reference>
<coords>
   1.0000000e+00  0.0000000e+00
   1.0000000e+00 -4.6316340e-03
   9.9076520e-01 -2.4285750e-03
   9.8155260e-01 -7.0751940e-04
   9.7216940e-01  7.0768700e-04
   9.6287780e-01  1.7374980e-03
   9.5310430e-01  2.4470520e-03
   9.4302910e-01  2.6843070e-03
   9.3235020e-01  2.5394960e-03
   9.2107220e-01  2.0040700e-03
   9.0929320e-01  1.0767880e-03
   8.9711060e-01 -3.3047760e-04
   8.8462370e-01 -2.2195980e-03
   8.7183420e-01 -4.5051010e-03
   8.5863750e-01 -7.3659700e-03
   8.4513530e-01 -1.0714910e-02
   8.3102990e-01 -1.4559140e-02
   8.1641710e-01 -1.8985270e-02
   8.0119810e-01 -2.3998700e-02
   7.8536920e-01 -2.9690220e-02
   7.6873740e-01 -3.5978320e-02
   7.5149960e-01 -4.2855750e-02
   7.3345840e-01 -5.0327170e-02
   7.1441240e-01 -5.8486570e-02
   6.9445910e-01 -6.7329270e-02
   6.7340670e-01 -7.6771500e-02
   6.5195930e-01 -8.6425810e-02
   6.3092310e-01 -9.5809910e-02
   6.1089340e-01 -1.0471630e-01
   5.9197610e-01 -1.1295810e-01
   5.7387060e-01 -1.2063260e-01
   5.5637940e-01 -1.2774490e-01
   5.3970150e-01 -1.3419580e-01
   5.2363100e-01 -1.4017010e-01
   5.0807290e-01 -1.4558340e-01
   4.9272670e-01 -1.5053560e-01
   4.7778780e-01 -1.5501750e-01
   4.6305400e-01 -1.5912340e-01
   4.4832890e-01 -1.6277030e-01
   4.3370640e-01 -1.6604040e-01
   4.1928410e-01 -1.6892810e-01
   4.0496360e-01 -1.7134770e-01
   3.9093950e-01 -1.7337800e-01
   3.7721170e-01 -1.7492810e-01
   3.6357830e-01 -1.7608810e-01
   3.4964000e-01 -1.7686350e-01
   3.3539480e-01 -1.7715900e-01
   3.2084140e-01 -1.7714010e-01
   3.0607910e-01 -1.7670710e-01
   2.9120710e-01 -1.7576030e-01
   2.7632900e-01 -1.7446580e-01
   2.6144510e-01 -1.7264380e-01
   2.4656210e-01 -1.7046500e-01
   2.3188100e-01 -1.6784360e-01
   2.1730480e-01 -1.6478380e-01
   2.0293410e-01 -1.6129540e-01
   1.8887070e-01 -1.5747860e-01
   1.7521260e-01 -1.5334590e-01
   1.6195820e-01 -1.4890490e-01
   1.4900400e-01 -1.4406780e-01
   1.3655260e-01 -1.3902550e-01
   1.2460280e-01 -1.3378210e-01
   1.1314820e-01 -1.2825120e-01
   1.0229350e-01 -1.2262150e-01
   9.1933950e-02 -1.1680170e-01
   8.2157760e-02 -1.1070970e-01
   7.2787270e-02 -1.0460810e-01
   6.4097140e-02 -9.8333360e-02
   5.6006820e-02 -9.2156340e-02
   4.8596570e-02 -8.5901170e-02
   4.1781300e-02 -7.9748120e-02
   3.5752670e-02 -7.3804570e-02
   3.0218940e-02 -6.7962130e-02
   2.5469870e-02 -6.2428050e-02
   2.1209210e-02 -5.6998800e-02
   1.7534400e-02 -5.1774240e-02
   1.4154420e-02 -4.6548250e-02
   1.1264330e-02 -4.1522000e-02
   8.7647950e-03 -3.6594510e-02
   6.6566190e-03 -3.1763800e-02
   4.8455920e-03 -2.6926720e-02
   3.4246100e-03 -2.2084000e-02
   2.2216590e-03 -1.7227680e-02
   1.2518630e-03 -1.2555430e-02
   5.1632140e-04 -8.0714950e-03
   1.0414240e-04 -4.0815550e-03
   1.5407110e-07 -2.9036200e-04
   1.1146250e-04  3.4944630e-03
   4.4977870e-04  7.6737240e-03
   1.1224300e-03  1.2239740e-02
   2.0580570e-03  1.7280470e-02
   3.2385270e-03  2.2494190e-02
   4.6278300e-03  2.7491820e-02
   6.3025830e-03  3.2282050e-02
   8.3621490e-03  3.7065600e-02
   1.0722960e-02  4.1936800e-02
   1.3574670e-02  4.6998990e-02
   1.6736510e-02  5.2243070e-02
   2.0377650e-02  5.7487780e-02
   2.4507950e-02  6.2827760e-02
   2.9043800e-02  6.8350910e-02
   3.4064680e-02  7.3874350e-02
   3.9666870e-02  7.9402570e-02
   4.5765680e-02  8.5021840e-02
   5.2348420e-02  9.0547430e-02
   5.9416900e-02  9.5979190e-02
   6.7075350e-02  1.0141180e-01
   7.5223220e-02  1.0674830e-01
   8.3952880e-02  1.1190190e-01
   9.3180850e-02  1.1704670e-01
   1.0298920e-01  1.2191650e-01
   1.1339080e-01  1.2668820e-01
   1.2438220e-01  1.3127020e-01
   1.3586300e-01  1.3556800e-01
   1.4774010e-01  1.3966510e-01
   1.6010560e-01  1.4338660e-01
   1.7277030e-01  1.4690100e-01
   1.8592650e-01  1.5003510e-01
   1.9938040e-01  1.5286830e-01
   2.1322960e-01  1.5531130e-01
   2.2737740e-01  1.5744630e-01
   2.4192160e-01  1.5918580e-01
   2.5676280e-01  1.6053070e-01
   2.7200140e-01  1.6157120e-01
   2.8763670e-01  1.6222180e-01
   3.0356950e-01  1.6248370e-01
   3.1980040e-01  1.6244560e-01
   3.3623000e-01  1.6202220e-01
   3.5295850e-01  1.6121440e-01
   3.6998650e-01  1.6002270e-01
   3.8731350e-01  1.5853500e-01
   4.0504050e-01  1.5666330e-01
   4.2296890e-01  1.5441070e-01
   4.4129670e-01  1.5186300e-01
   4.5972790e-01  1.4893840e-01
   4.7845970e-01  1.4572230e-01
   4.9739310e-01  1.4221700e-01
   5.1653090e-01  1.3833540e-01
   5.3597020e-01  1.3416400e-01
   5.5581040e-01  1.2970100e-01
   5.7605160e-01  1.2494650e-01
   5.9649590e-01  1.1990570e-01
   6.1724260e-01  1.1457680e-01
   6.3828890e-01  1.0904830e-01
   6.5963800e-01  1.0323300e-01
   6.8148480e-01  9.7214550e-02
   7.0343390e-01  9.1004090e-02
   7.2568340e-01  8.4597710e-02
   7.4832880e-01  7.8081500e-02
   7.7107390e-01  7.1464220e-02
   7.9401770e-01  6.4744220e-02
   8.1716030e-01  5.7922150e-02
   8.4020260e-01  5.1096400e-02
   8.6294070e-01  4.4450520e-02
   8.8547710e-01  3.7895120e-02
   9.0801260e-01  3.1336370e-02
   9.3044540e-01  2.4865400e-02
   9.5247400e-01  1.8574110e-02
   9.7290680e-01  1.2664800e-02
   9.8904480e-01  7.9190810e-03
   1.0000000e+00  4.7744310e-03
</coords>
