<reference>interp_289800</reference>
<coords>
   1.0000000e+00  0.0000000e+00
   1.0000000e+00 -3.0011360e-03
   9.8928310e-01 -3.4191070e-04
   9.8045780e-01  1.0297150e-03
   9.7114890e-01  2.5122290e-03
   9.6189410e-01  3.6739910e-03
   9.5223820e-01  4.4258330e-03
   9.4227280e-01  4.8279940e-03
   9.3168700e-01  4.9274650e-03
   9.2050630e-01  4.6778630e-03
   9.0882070e-01  4.0724510e-03
   8.9671500e-01  3.0756540e-03
   8.8428600e-01  1.6773210e-03
   8.7154290e-01 -1.0138880e-04
   8.5836090e-01 -2.3464180e-03
   8.4484890e-01 -5.0267040e-03
   8.3071970e-01 -8.1814730e-03
   8.1605010e-01 -1.1838000e-02
   8.0074710e-01 -1.6025630e-02
   7.8479010e-01 -2.0794320e-02
   7.6801760e-01 -2.6144490e-02
   7.5061240e-01 -3.2036790e-02
   7.3238920e-01 -3.8496430e-02
   7.1313920e-01 -4.5590880e-02
   6.9294990e-01 -5.3294670e-02
   6.7166560e-01 -6.1595950e-02
   6.5000840e-01 -7.0162750e-02
   6.2881190e-01 -7.8591230e-02
   6.0865110e-01 -8.6640890e-02
   5.8965690e-01 -9.4182310e-02
   5.7152750e-01 -1.0130130e-01
   5.5407530e-01 -1.0802560e-01
   5.3749500e-01 -1.1425870e-01
   5.2155480e-01 -1.2011930e-01
   5.0618220e-01 -1.2559160e-01
   4.9107420e-01 -1.3077510e-01
   4.7640560e-01 -1.3561950e-01
   4.6196500e-01 -1.4019400e-01
   4.4757130e-01 -1.4449120e-01
   4.3329210e-01 -1.4851400e-01
   4.1921400e-01 -1.5223260e-01
   4.0524510e-01 -1.5562420e-01
   3.9155720e-01 -1.5867400e-01
   3.7814860e-01 -1.6133090e-01
   3.6481030e-01 -1.6364190e-01
   3.5114470e-01 -1.6563630e-01
   3.3714210e-01 -1.6723970e-01
   3.2279510e-01 -1.6846480e-01
   3.0819960e-01 -1.6921380e-01
   2.9345180e-01 -1.6938800e-01
   2.7867080e-01 -1.6900290e-01
   2.6385780e-01 -1.6796890e-01
   2.4904990e-01 -1.6632640e-01
   2.3445280e-01 -1.6405270e-01
   2.1998200e-01 -1.6117080e-01
   2.0574110e-01 -1.5773380e-01
   1.9183960e-01 -1.5384290e-01
   1.7836670e-01 -1.4956570e-01
   1.6531430e-01 -1.4494290e-01
   1.5256250e-01 -1.3994150e-01
   1.4032640e-01 -1.3471230e-01
   1.2859870e-01 -1.2927660e-01
   1.1734550e-01 -1.2360890e-01
   1.0669120e-01 -1.1784750e-01
   9.6510520e-02 -1.1194020e-01
   8.6839690e-02 -1.0588380e-01
   7.7599820e-02 -9.9774830e-02
   6.8953380e-02 -9.3612090e-02
   6.0905920e-02 -8.7536790e-02
   5.3450330e-02 -8.1480070e-02
   4.6567480e-02 -7.5534810e-02
   4.0412100e-02 -6.9841150e-02
   3.4729070e-02 -6.4253460e-02
   2.9762770e-02 -5.9011190e-02
   2.5233660e-02 -5.3895080e-02
   2.1227720e-02 -4.9004450e-02
   1.7493680e-02 -4.4106040e-02
   1.4204830e-02 -3.9406220e-02
   1.1264740e-02 -3.4799680e-02
   8.6777490e-03 -3.0275680e-02
   6.3752840e-03 -2.5717110e-02
   4.4188010e-03 -2.1127920e-02
   2.7601550e-03 -1.6464960e-02
   1.4814220e-03 -1.1915540e-02
   5.8856450e-04 -7.5026970e-03
   1.2247780e-04 -3.5572840e-03
   8.3603470e-07  1.9492770e-04
   1.6219910e-04  3.9125830e-03
   6.7011370e-04  8.0000460e-03
   1.6643430e-03  1.2415620e-02
   3.2002910e-03  1.7194010e-02
   5.1795740e-03  2.2025820e-02
   7.4067910e-03  2.6570350e-02
   9.8550480e-03  3.0874690e-02
   1.2620900e-02  3.5142830e-02
   1.5693540e-02  3.9443930e-02
   1.9216730e-02  4.3896130e-02
   2.3094910e-02  4.8450030e-02
   2.7360790e-02  5.3007390e-02
   3.2067830e-02  5.7639080e-02
   3.7204990e-02  6.2379450e-02
   4.2760930e-02  6.7121370e-02
   4.8815460e-02  7.1889250e-02
   5.5351620e-02  7.6708540e-02
   6.2300570e-02  8.1462160e-02
   6.9672170e-02  8.6149240e-02
   7.7589370e-02  9.0840980e-02
   8.5949110e-02  9.5453790e-02
   9.4810020e-02  9.9959230e-02
   1.0416180e-01  1.0441710e-01
   1.1400740e-01  1.0871050e-01
   1.2441560e-01  1.1291460e-01
   1.3536920e-01  1.1697440e-01
   1.4676480e-01  1.2081940e-01
   1.5854080e-01  1.2446130e-01
   1.7075360e-01  1.2783510e-01
   1.8326210e-01  1.3097080e-01
   1.9622430e-01  1.3381320e-01
   2.0947410e-01  1.3635060e-01
   2.2309820e-01  1.3854120e-01
   2.3701530e-01  1.4038860e-01
   2.5131260e-01  1.4186050e-01
   2.6589330e-01  1.4296120e-01
   2.8086020e-01  1.4373860e-01
   2.9620900e-01  1.4417050e-01
   3.1184450e-01  1.4426370e-01
   3.2776930e-01  1.4405710e-01
   3.4388720e-01  1.4353010e-01
   3.6029930e-01  1.4268780e-01
   3.7700880e-01  1.4153280e-01
   3.9401290e-01  1.4009940e-01
   4.1141630e-01  1.3835300e-01
   4.2902830e-01  1.3631020e-01
   4.4703620e-01  1.3399400e-01
   4.6516270e-01  1.3140320e-01
   4.8359270e-01  1.2855860e-01
   5.0223140e-01  1.2547240e-01
   5.2109390e-01  1.2211470e-01
   5.4026480e-01  1.1851240e-01
   5.5984030e-01  1.1465600e-01
   5.7982080e-01  1.1054550e-01
   6.0001850e-01  1.0620920e-01
   6.2052950e-01  1.0163780e-01
   6.4133800e-01  9.6868520e-02
   6.6246220e-01  9.1870670e-02
   6.8407310e-01  8.6655870e-02
   7.0579710e-01  8.1284330e-02
   7.2782310e-01  7.5735000e-02
   7.5022670e-01  7.0032310e-02
   7.7272880e-01  6.4223800e-02
   7.9542380e-01  5.8300530e-02
   8.1831240e-01  5.2266010e-02
   8.4109940e-01  4.6211560e-02
   8.6356340e-01  4.0247820e-02
   8.8581830e-01  3.4332480e-02
   9.0806860e-01  2.8398970e-02
   9.3020350e-01  2.2499110e-02
   9.5191620e-01  1.6688990e-02
   9.7205170e-01  1.1181100e-02
   9.8791520e-01  6.6756530e-03
   1.0000000e+00  3.7759960e-03
</coords>
