<reference>interp_044100</reference>
<coords>
   1.0000000e+00 -3.6054390e-02
   9.9637810e-01 -6.3182620e-02
   9.9332550e-01 -9.1203330e-02
   9.8976380e-01 -1.1937700e-01
   9.8225110e-01 -1.4551120e-01
   9.6889490e-01 -1.6804220e-01
   9.5342480e-01 -1.8821520e-01
   9.3690830e-01 -2.0733310e-01
   9.1939900e-01 -2.2629410e-01
   9.0086000e-01 -2.4476180e-01
   8.8124290e-01 -2.6213230e-01
   8.6062310e-01 -2.7844970e-01
   8.3911360e-01 -2.9398720e-01
   8.1676030e-01 -3.0862530e-01
   7.9356990e-01 -3.2206330e-01
   7.6960720e-01 -3.3431080e-01
   7.4496900e-01 -3.4558920e-01
   7.1972550e-01 -3.5586670e-01
   6.9391560e-01 -3.6489920e-01
   6.6759970e-01 -3.7264290e-01
   6.4086020e-01 -3.7927930e-01
   6.1377220e-01 -3.8479710e-01
   5.8639900e-01 -3.8892930e-01
   5.5880800e-01 -3.9161330e-01
   5.3107140e-01 -3.9309760e-01
   5.0326770e-01 -3.9344790e-01
   4.7547770e-01 -3.9242510e-01
   4.4777140e-01 -3.8998820e-01
   4.2020630e-01 -3.8639970e-01
   3.9285660e-01 -3.8169210e-01
   3.6581960e-01 -3.7560750e-01
   3.3915700e-01 -3.6819620e-01
   3.1290360e-01 -3.5976460e-01
   2.8715130e-01 -3.5020970e-01
   2.6200620e-01 -3.3929070e-01
   2.3747850e-01 -3.2731120e-01
   2.1360940e-01 -3.1446370e-01
   1.9055180e-01 -3.0034960e-01
   1.6832400e-01 -2.8514790e-01
   1.4688910e-01 -2.6928420e-01
   1.2647630e-01 -2.5221500e-01
   1.0705590e-01 -2.3417740e-01
   8.8578850e-02 -2.1559290e-01
   7.1398240e-02 -1.9567960e-01
   5.5192640e-02 -1.7533550e-01
   4.0530690e-02 -1.5366770e-01
   2.7035210e-02 -1.3137940e-01
   1.5695090e-02 -1.0742280e-01
   6.7009330e-03 -8.2120060e-02
   1.1116330e-03 -5.5166640e-02
   3.2768930e-06 -2.7358450e-02
   9.9730600e-04  2.1068240e-03
   5.3833850e-03  3.1152750e-02
   1.2503630e-02  5.9521130e-02
   2.2229110e-02  8.7002790e-02
   3.3713410e-02  1.1372270e-01
   4.7054320e-02  1.3956850e-01
   6.1800240e-02  1.6464810e-01
   7.8323670e-02  1.8855610e-01
   9.6011580e-02  2.1171170e-01
   1.1528460e-01  2.3348480e-01
   1.3573430e-01  2.5426850e-01
   1.5732750e-01  2.7387300e-01
   1.8021380e-01  2.9192080e-01
   2.0401230e-01  3.0888630e-01
   2.2878460e-01  3.2436930e-01
   2.5450740e-01  3.3825520e-01
   2.8093360e-01  3.5088790e-01
   3.0808120e-01  3.6183770e-01
   3.3588830e-01  3.7103390e-01
   3.6417460e-01  3.7880250e-01
   3.9286990e-01  3.8479980e-01
   4.2190250e-01  3.8891940e-01
   4.5115550e-01  3.9153480e-01
   4.8050460e-01  3.9243900e-01
   5.0983840e-01  3.9135510e-01
   5.3909420e-01  3.8860630e-01
   5.6819780e-01  3.8439290e-01
   5.9705390e-01  3.7864550e-01
   6.2563660e-01  3.7154320e-01
   6.5395140e-01  3.6339260e-01
   6.8189540e-01  3.5410180e-01
   7.0934820e-01  3.4350920e-01
   7.3630790e-01  3.3185310e-01
   7.6276000e-01  3.1933020e-01
   7.8857220e-01  3.0573470e-01
   8.1365090e-01  2.9101350e-01
   8.3801800e-01  2.7548690e-01
   8.6165770e-01  2.5926890e-01
   8.8449730e-01  2.4216990e-01
   9.0633640e-01  2.2412920e-01
   9.2699830e-01  2.0527100e-01
   9.4725410e-01  1.8633540e-01
   9.6591020e-01  1.6628630e-01
   9.7596840e-01  1.3928520e-01
   9.8166550e-01  1.0935100e-01
   9.8739970e-01  8.0442090e-02
   9.9277260e-01  5.1923070e-02
   9.9691200e-01  2.2859580e-02
   9.9940550e-01 -6.5955600e-03
</coords>
