<reference>interp_108621</reference>
<coords>
   1.0000000e+00 -7.3618460e-02
   9.8748210e-01 -1.0987760e-01
   9.5963320e-01 -1.3952870e-01
   9.3910010e-01 -1.4869110e-01
   8.9430290e-01 -1.6134870e-01
   8.4891670e-01 -1.7497930e-01
   8.0348130e-01 -1.8706690e-01
   7.5785210e-01 -1.9853110e-01
   7.1225750e-01 -2.0828960e-01
   6.6626920e-01 -2.1592170e-01
   6.2037750e-01 -2.2134080e-01
   5.7467510e-01 -2.2499450e-01
   5.2953860e-01 -2.2643320e-01
   4.8511790e-01 -2.2683750e-01
   4.4161090e-01 -2.2500510e-01
   3.9925800e-01 -2.2254940e-01
   3.5819190e-01 -2.1823670e-01
   3.1866440e-01 -2.1356750e-01
   2.8077080e-01 -2.0738170e-01
   2.4479670e-01 -2.0090290e-01
   2.1068500e-01 -1.9323810e-01
   1.7888290e-01 -1.8532890e-01
   1.4911520e-01 -1.7649860e-01
   1.2205940e-01 -1.6752980e-01
   9.7155710e-02 -1.5783190e-01
   7.5252440e-02 -1.4828120e-01
   5.5598990e-02 -1.3775650e-01
   3.9210380e-02 -1.2788200e-01
   2.5132350e-02 -1.1647370e-01
   1.4327040e-02 -1.0548040e-01
   6.2205910e-03 -9.1055000e-02
   1.5790980e-03 -8.0248660e-02
   1.9499730e-05 -5.7212950e-02
   1.9269900e-03 -2.7629150e-02
   6.6864660e-03 -9.9820150e-03
   1.4807140e-02  1.0347110e-02
   2.5293940e-02  2.8667070e-02
   3.9129300e-02  4.9775820e-02
   5.5285700e-02  6.9979280e-02
   7.4762090e-02  9.1651210e-02
   9.6426590e-02  1.1205920e-01
   1.2119850e-01  1.3248020e-01
   1.4794390e-01  1.5124560e-01
   1.7753950e-01  1.6909760e-01
   2.0895560e-01  1.8472540e-01
   2.4272430e-01  1.9872460e-01
   2.7818010e-01  2.1002580e-01
   3.1553190e-01  2.1900830e-01
   3.5428800e-01  2.2446410e-01
   3.9442500e-01  2.2703400e-01
   4.3555530e-01  2.2535560e-01
   4.7758340e-01  2.2041450e-01
   5.2047940e-01  2.1144050e-01
   5.6432430e-01  2.0037560e-01
   6.0886490e-01  1.8712240e-01
   6.5382030e-01  1.7370780e-01
   6.9900890e-01  1.5900740e-01
   7.4417950e-01  1.4458440e-01
   7.8923950e-01  1.2924330e-01
   8.3381740e-01  1.1438360e-01
   8.7801060e-01  9.9152000e-02
   9.2136890e-01  8.4522610e-02
   9.4206120e-01  7.7679980e-02
   9.6683120e-01  4.4803740e-02
   9.9199580e-01  1.7432500e-03
   9.9999990e-01 -4.9718010e-02
</coords>
