<reference>interp_365400</reference>
<coords>
   1.0000000e+00  0.0000000e+00
   1.0000000e+00 -2.2648530e-03
   9.9659040e-01 -1.8871200e-03
   9.8184000e-01  1.0016690e-03
   9.6675870e-01  3.5741650e-03
   9.5062950e-01  5.3816100e-03
   9.3345170e-01  6.4945150e-03
   9.1522460e-01  6.8137440e-03
   8.9593430e-01  6.3201780e-03
   8.7558490e-01  4.8590290e-03
   8.5416780e-01  2.3645100e-03
   8.3169420e-01 -1.2260620e-03
   8.0816500e-01 -5.9645790e-03
   7.8359270e-01 -1.1903910e-02
   7.5799530e-01 -1.9004620e-02
   7.3157740e-01 -2.7140110e-02
   7.0511360e-01 -3.5909090e-02
   6.7866850e-01 -4.5101770e-02
   6.5222210e-01 -5.4601020e-02
   6.2577570e-01 -6.4280330e-02
   5.9930780e-01 -7.3964960e-02
   5.7280500e-01 -8.3594720e-02
   5.4625480e-01 -9.2995820e-02
   5.1968810e-01 -1.0212260e-01
   4.9307340e-01 -1.1086780e-01
   4.6642790e-01 -1.1910950e-01
   4.3978370e-01 -1.2671540e-01
   4.1313460e-01 -1.3352820e-01
   3.8651460e-01 -1.3942910e-01
   3.5996270e-01 -1.4423980e-01
   3.3346820e-01 -1.4777220e-01
   3.0703230e-01 -1.4977440e-01
   2.8064150e-01 -1.5005610e-01
   2.5422410e-01 -1.4847830e-01
   2.2860380e-01 -1.4504450e-01
   2.0426430e-01 -1.4013000e-01
   1.8122100e-01 -1.3405040e-01
   1.5948010e-01 -1.2705530e-01
   1.3905020e-01 -1.1936260e-01
   1.1995770e-01 -1.1108530e-01
   1.0219380e-01 -1.0236780e-01
   8.5814960e-02 -9.3360350e-02
   7.0788530e-02 -8.4186260e-02
   5.7150670e-02 -7.4934470e-02
   4.4939330e-02 -6.5626250e-02
   3.4165700e-02 -5.6388340e-02
   2.4870280e-02 -4.7334700e-02
   1.7061130e-02 -3.8506570e-02
   1.0687770e-02 -3.0058930e-02
   5.7919730e-03 -2.1906180e-02
   2.4063020e-03 -1.3975200e-02
   4.4421960e-04 -5.9655350e-03
   1.8226930e-04 -3.8021760e-03
   5.8483780e-08 -2.1270830e-05
   1.3114890e-03  1.0029070e-02
   4.1439050e-03  1.7064530e-02
   8.4689240e-03  2.4107100e-02
   1.4216870e-02  3.1436770e-02
   2.1346320e-02  3.9012850e-02
   2.9887410e-02  4.6724770e-02
   3.9775570e-02  5.4568490e-02
   5.1050260e-02  6.2439530e-02
   6.3706120e-02  7.0241570e-02
   7.7718170e-02  7.7971330e-02
   9.3085950e-02  8.5514610e-02
   1.0984590e-01  9.2794570e-02
   1.2794910e-01  9.9780940e-02
   1.4742290e-01  1.0636120e-01
   1.6827240e-01  1.1246790e-01
   1.9051310e-01  1.1795730e-01
   2.1410400e-01  1.2279430e-01
   2.3909080e-01  1.2670270e-01
   2.6537320e-01  1.2957480e-01
   2.9193590e-01  1.3132160e-01
   3.1851960e-01  1.3203850e-01
   3.4511210e-01  1.3183240e-01
   3.7172590e-01  1.3073680e-01
   3.9834480e-01  1.2891980e-01
   4.2495490e-01  1.2645440e-01
   4.5157720e-01  1.2345360e-01
   4.7819370e-01  1.1992990e-01
   5.0479770e-01  1.1597990e-01
   5.3141160e-01  1.1166430e-01
   5.5802160e-01  1.0698360e-01
   5.8462280e-01  1.0201770e-01
   6.1123430e-01  9.6784800e-02
   6.3783640e-01  9.1265100e-02
   6.6443080e-01  8.5543100e-02
   6.9103550e-01  7.9632480e-02
   7.1764130e-01  7.3561040e-02
   7.4423990e-01  6.7364040e-02
   7.7046050e-01  6.1135790e-02
   7.9563320e-01  5.5055560e-02
   8.1975750e-01  4.9143060e-02
   8.4284080e-01  4.3413020e-02
   8.6488010e-01  3.7915880e-02
   8.8586900e-01  3.2643070e-02
   9.0582020e-01  2.7606190e-02
   9.2473380e-01  2.2810740e-02
   9.4260140e-01  1.8255410e-02
   9.5941810e-01  1.3878250e-02
   9.7523460e-01  9.6955470e-03
   9.8997260e-01  5.6067980e-03
   9.9377720e-01  4.8322520e-03
   9.9727430e-01  3.9007830e-03
   1.0000000e+00  2.5138570e-03
</coords>
