<reference></reference>
<coords>
     1.000000   -0.073618
     0.987701   -0.109825
     0.960120   -0.139405
     0.939728   -0.148542
     0.895180   -0.161112
     0.850052   -0.174653
     0.804862   -0.186619
     0.759496   -0.198019
     0.714169   -0.207741
     0.668479   -0.215448
     0.622876   -0.220988
     0.577444   -0.224668
     0.532581   -0.226258
     0.488417   -0.226706
     0.445164   -0.225086
     0.403048   -0.222728
     0.362214   -0.218547
     0.322894   -0.214077
     0.285217   -0.207959
     0.249405   -0.201779
     0.215494   -0.194142
     0.183798   -0.186618
     0.154205   -0.177817
     0.127192   -0.169291
     0.102402   -0.159701
     0.080494   -0.150578
     0.060798   -0.140376
     0.044342   -0.130937
     0.029923   -0.120110
     0.018765   -0.109795
     0.009298   -0.096435
     0.004136   -0.086051
    -0.000005   -0.063744
     0.001016   -0.033683
     0.004925   -0.015773
     0.012146    0.005153
     0.022414    0.023755
     0.035746    0.045461
     0.051937    0.065896
     0.071085    0.088186
     0.092818    0.108881
     0.117460    0.129864
     0.144300    0.148977
     0.173937    0.167293
     0.205487    0.183324
     0.239437    0.197651
     0.275091    0.209372
     0.312704    0.218607
     0.351745    0.224413
     0.392204    0.227138
     0.433687    0.225686
     0.476068    0.220779
     0.519316    0.211778
     0.563508    0.200619
     0.608403    0.187267
     0.653714    0.173743
     0.699261    0.158927
     0.744784    0.144371
     0.790206    0.128921
     0.835129    0.113922
     0.879679    0.098586
     0.923392    0.083874
     0.944246    0.076972
     0.969417    0.044102
     0.993751   -0.000872
     0.999999   -0.053346
</coords>