<reference>interp_138600</reference>
<coords>
   1.0000000e+00 -5.6829490e-02
   9.9116050e-01 -8.3601140e-02
   9.6331760e-01 -8.8525660e-02
   9.3382250e-01 -9.4285910e-02
   9.0281380e-01 -1.0148460e-01
   8.7043730e-01 -1.0957110e-01
   8.3684050e-01 -1.1912220e-01
   8.0219540e-01 -1.2944170e-01
   7.6661730e-01 -1.4106360e-01
   7.3027540e-01 -1.5273850e-01
   6.9331620e-01 -1.6474270e-01
   6.5591510e-01 -1.7405490e-01
   6.1821370e-01 -1.8225810e-01
   5.8035700e-01 -1.8804060e-01
   5.4246870e-01 -1.9303930e-01
   5.0470870e-01 -1.9619620e-01
   4.6721410e-01 -1.9854010e-01
   4.3017730e-01 -1.9870140e-01
   3.9374470e-01 -1.9817070e-01
   3.5808740e-01 -1.9589280e-01
   3.2337910e-01 -1.9317210e-01
   2.8976110e-01 -1.8892070e-01
   2.5740330e-01 -1.8442880e-01
   2.2644690e-01 -1.7855540e-01
   1.9703240e-01 -1.7268000e-01
   1.6926700e-01 -1.6546230e-01
   1.4329930e-01 -1.5851780e-01
   1.1921320e-01 -1.5022220e-01
   9.7165320e-02 -1.4249910e-01
   7.7179800e-02 -1.3347980e-01
   5.9398650e-02 -1.2532690e-01
   4.3843860e-02 -1.1567420e-01
   3.0625420e-02 -1.0731300e-01
   1.9724720e-02 -9.7126360e-02
   1.1229300e-02 -8.7830430e-02
   5.0633370e-03 -7.5656070e-02
   1.3974720e-03 -6.6756990e-02
   4.7394050e-06 -4.7865450e-02
   1.3143620e-03 -2.3127710e-02
   5.0240350e-03 -8.3710960e-03
   1.1277520e-02  8.8175960e-03
   1.9914200e-02  2.4131070e-02
   3.1038570e-02  4.2017180e-02
   4.4508390e-02  5.8828850e-02
   6.0351580e-02  7.7239570e-02
   7.8391120e-02  9.4223740e-02
   9.8615080e-02  1.1172160e-01
   1.2083320e-01  1.2741090e-01
   1.4504080e-01  1.4298920e-01
   1.7104470e-01  1.5633620e-01
   1.9878410e-01  1.6890900e-01
   2.2809750e-01  1.7908200e-01
   2.5889220e-01  1.8792630e-01
   2.9102590e-01  1.9388270e-01
   3.2437340e-01  1.9789400e-01
   3.5878510e-01  1.9856690e-01
   3.9413980e-01  1.9693200e-01
   4.3030990e-01  1.9135340e-01
   4.6713690e-01  1.8324690e-01
   5.0448590e-01  1.7297170e-01
   5.4213420e-01  1.6237850e-01
   5.7995580e-01  1.5060720e-01
   6.1776070e-01  1.3904510e-01
   6.5541360e-01  1.2652670e-01
   6.9273420e-01  1.1460840e-01
   7.2957270e-01  1.0190040e-01
   7.6576040e-01  8.9823770e-02
   8.0116170e-01  7.7510650e-02
   8.3560060e-01  6.6019270e-02
   8.6895480e-01  5.4747560e-02
   9.0106130e-01  4.4480680e-02
   9.3178440e-01  3.4623760e-02
   9.6099460e-01  2.5802760e-02
   9.7625840e-01  1.7686990e-02
   9.9171180e-01  3.4504330e-05
   9.9940110e-01 -4.2377530e-02
</coords>
