<reference>interp_018900</reference>
<coords>
   1.0000000e+00 -7.2108780e-03
   9.9848600e-01 -3.7752520e-02
   9.9551070e-01 -6.8374270e-02
   9.9086800e-01 -9.8828200e-02
   9.8388380e-01 -1.2857820e-01
   9.7420140e-01 -1.5721480e-01
   9.6259540e-01 -1.8489260e-01
   9.4931290e-01 -2.1177860e-01
   9.3440220e-01 -2.3796040e-01
   9.1790320e-01 -2.6328280e-01
   8.9985500e-01 -2.8754090e-01
   8.8033020e-01 -3.1065950e-01
   8.5940990e-01 -3.3261660e-01
   8.3717130e-01 -3.5331230e-01
   8.1368360e-01 -3.7261830e-01
   7.8903580e-01 -3.9046860e-01
   7.6332420e-01 -4.0684900e-01
   7.3664670e-01 -4.2169570e-01
   7.0909510e-01 -4.3491100e-01
   6.8076950e-01 -4.4643900e-01
   6.5177840e-01 -4.5627830e-01
   6.2223040e-01 -4.6439300e-01
   5.9223260e-01 -4.7070110e-01
   5.6189520e-01 -4.7516830e-01
   5.3133030e-01 -4.7782990e-01
   5.0065350e-01 -4.7868960e-01
   4.6997950e-01 -4.7769540e-01
   4.3942070e-01 -4.7484320e-01
   4.0908850e-01 -4.7019510e-01
   3.7909530e-01 -4.6377200e-01
   3.4955750e-01 -4.5554390e-01
   3.2058180e-01 -4.4554960e-01
   2.9226870e-01 -4.3388410e-01
   2.6472870e-01 -4.2056430e-01
   2.3807080e-01 -4.0558930e-01
   2.1238130e-01 -3.8906860e-01
   1.8775230e-01 -3.7109830e-01
   1.6429120e-01 -3.5165710e-01
   1.4207760e-01 -3.3084880e-01
   1.2117220e-01 -3.0882640e-01
   1.0168890e-01 -2.8555740e-01
   8.3679970e-02 -2.6116590e-01
   6.7193370e-02 -2.3582020e-01
   5.2348450e-02 -2.0944790e-01
   3.9128130e-02 -1.8231670e-01
   2.7683740e-02 -1.5433990e-01
   1.7973440e-02 -1.2575190e-01
   1.0223820e-02 -9.6437360e-02
   4.4945870e-03 -6.6557610e-02
   1.0119270e-03 -3.6149330e-02
   6.5537850e-07 -5.4716900e-03
   9.8906120e-04  2.5537360e-02
   4.2310770e-03  5.6364150e-02
   9.5855260e-03  8.6857030e-02
   1.7012220e-02  1.1687660e-01
   2.6320280e-02  1.4635090e-01
   3.7500460e-02  1.7516330e-01
   5.0428850e-02  2.0324160e-01
   6.5142330e-02  2.3041280e-01
   8.1471120e-02  2.5667270e-01
   9.9450520e-02  2.8181140e-01
   1.1894130e-01  3.0582330e-01
   1.3987830e-01  3.2859380e-01
   1.6222360e-01  3.4997140e-01
   1.8583290e-01  3.6998290e-01
   2.1064250e-01  3.8848030e-01
   2.3657110e-01  4.0538220e-01
   2.6348510e-01  4.2070000e-01
   2.9130420e-01  4.3429870e-01
   3.1992810e-01  4.4611720e-01
   3.4922850e-01  4.5618290e-01
   3.7909800e-01  4.6439360e-01
   4.0942770e-01  4.7069910e-01
   4.4009750e-01  4.7515260e-01
   4.7098490e-01  4.7769820e-01
   5.0196770e-01  4.7827100e-01
   5.3293480e-01  4.7693170e-01
   5.6377320e-01  4.7372420e-01
   5.9436360e-01  4.6864430e-01
   6.2460330e-01  4.6174220e-01
   6.5439670e-01  4.5310090e-01
   6.8362870e-01  4.4273080e-01
   7.1218160e-01  4.3063300e-01
   7.3996320e-01  4.1689300e-01
   7.6688240e-01  4.0159720e-01
   7.9282880e-01  3.8475330e-01
   8.1769980e-01  3.6640830e-01
   8.4142280e-01  3.4668460e-01
   8.6391870e-01  3.2567300e-01
   8.8510510e-01  3.0340360e-01
   9.0487370e-01  2.7994020e-01
   9.2313090e-01  2.5538460e-01
   9.3997320e-01  2.2996870e-01
   9.5511320e-01  2.0356930e-01
   9.6710410e-01  1.7510660e-01
   9.7675550e-01  1.4547660e-01
   9.8491350e-01  1.1556440e-01
   9.9146970e-01  8.5337410e-02
   9.9622800e-01  5.4705520e-02
   9.9909150e-01  2.3796890e-02
</coords>
