<reference>interp_516600</reference>
<coords>
   1.0000000e+00  0.0000000e+00
   1.0000000e+00 -1.0255330e-03
   9.9055750e-01 -7.3476780e-04
   9.8057450e-01  5.8066600e-04
   9.7068870e-01  2.0851340e-03
   9.6079880e-01  3.4312780e-03
   9.5092550e-01  4.7159440e-03
   9.4106490e-01  5.8499710e-03
   9.3121350e-01  6.8473380e-03
   9.2137040e-01  7.6657280e-03
   9.1152850e-01  8.3338490e-03
   9.0168560e-01  8.8472520e-03
   8.7706260e-01  9.3235140e-03
   8.5238860e-01  8.6874020e-03
   8.2764730e-01  6.9509630e-03
   8.0282320e-01  4.1053720e-03
   7.7791710e-01  1.6955580e-04
   7.5294770e-01 -4.7438500e-03
   7.2791310e-01 -1.0496340e-02
   7.0284920e-01 -1.6881100e-02
   6.7777730e-01 -2.3732150e-02
   6.5269950e-01 -3.0926360e-02
   6.2763420e-01 -3.8289380e-02
   6.0261920e-01 -4.5608340e-02
   5.7763380e-01 -5.2807080e-02
   5.5271930e-01 -5.9706780e-02
   5.2784220e-01 -6.6303430e-02
   5.0302290e-01 -7.2471660e-02
   4.7825950e-01 -7.8120140e-02
   4.5353850e-01 -8.3219360e-02
   4.4366490e-01 -8.5083180e-02
   4.3379410e-01 -8.6858840e-02
   4.2393660e-01 -8.8508050e-02
   4.1408040e-01 -9.0065260e-02
   4.0422520e-01 -9.1530160e-02
   3.9437950e-01 -9.2866220e-02
   3.8452600e-01 -9.4144740e-02
   3.7468680e-01 -9.5257500e-02
   3.6484100e-01 -9.6311980e-02
   3.5499990e-01 -9.7233480e-02
   3.4515740e-01 -9.8056130e-02
   3.3531710e-01 -9.8745390e-02
   3.2547450e-01 -9.9331110e-02
   3.1563110e-01 -9.9776390e-02
   3.0578480e-01 -1.0011290e-01
   2.9593530e-01 -1.0030480e-01
   2.8608260e-01 -1.0038210e-01
   2.7622470e-01 -1.0030920e-01
   2.6636360e-01 -1.0011860e-01
   2.5649560e-01 -9.9776190e-02
   2.4661930e-01 -9.9281110e-02
   2.3673990e-01 -9.8667180e-02
   2.2685090e-01 -9.7894970e-02
   2.1695090e-01 -9.6964650e-02
   2.0703900e-01 -9.5872660e-02
   1.9712490e-01 -9.4653800e-02
   1.8718620e-01 -9.3233020e-02
   1.7724650e-01 -9.1677410e-02
   1.6727900e-01 -8.9910740e-02
   1.5731240e-01 -8.8002200e-02
   1.4731550e-01 -8.5874500e-02
   1.3730430e-01 -8.3559740e-02
   1.2726090e-01 -8.1011630e-02
   1.1720520e-01 -7.8260400e-02
   1.0709620e-01 -7.5215340e-02
   1.0204450e-01 -7.3618440e-02
   9.6979900e-02 -7.1943180e-02
   9.1902150e-02 -7.0188210e-02
   8.6837250e-02 -6.8390830e-02
   8.1735370e-02 -6.6464450e-02
   7.6622200e-02 -6.4448300e-02
   7.1525930e-02 -6.2383500e-02
   6.6393650e-02 -6.0176340e-02
   6.1225420e-02 -5.7819510e-02
   5.6053920e-02 -5.5349540e-02
   5.0851220e-02 -5.2712210e-02
   4.5621440e-02 -4.9895180e-02
   4.0337550e-02 -4.6831750e-02
   3.5007710e-02 -4.3499780e-02
   2.9645270e-02 -3.9872700e-02
   2.4161540e-02 -3.5741330e-02
   2.1410550e-02 -3.3515070e-02
   1.8622760e-02 -3.1110700e-02
   1.5806510e-02 -2.8515890e-02
   1.2973680e-02 -2.5715970e-02
   1.1777830e-02 -2.4418740e-02
   1.0635490e-02 -2.3175680e-02
   9.4353700e-03 -2.1770470e-02
   8.2211570e-03 -2.0268190e-02
   6.9617190e-03 -1.8586610e-02
   5.7067680e-03 -1.6791660e-02
   4.3712730e-03 -1.4626260e-02
   2.9992560e-03 -1.2058120e-02
   2.6254120e-03 -1.1306480e-02
   2.2793270e-03 -1.0474750e-02
   1.9221160e-03 -9.5438530e-03
   1.5444860e-03 -8.5891660e-03
   1.1863650e-03 -7.4520550e-03
   7.8754220e-04 -6.1012820e-03
   6.2627780e-04 -5.4251480e-03
   4.6351190e-04 -4.6491150e-03
   3.1847370e-04 -3.8688810e-03
   1.5553370e-04 -2.6947120e-03
   6.0983870e-08 -3.8099040e-05
   1.4662850e-04  2.6478920e-03
   2.8836060e-04  3.7385450e-03
   4.2031000e-04  4.5303970e-03
   5.6769570e-04  5.3191060e-03
   6.9800930e-04  5.9104540e-03
   1.0639120e-03  7.2879980e-03
   1.3717390e-03  8.3551380e-03
   1.7027750e-03  9.2399330e-03
   1.9862570e-03  1.0008170e-02
   2.2831070e-03  1.0770430e-02
   2.5815680e-03  1.1368470e-02
   3.7132830e-03  1.3593000e-02
   4.7639490e-03  1.5354110e-02
   5.8269720e-03  1.7005430e-02
   6.8596070e-03  1.8474360e-02
   7.8853420e-03  1.9847160e-02
   8.8987660e-03  2.1128620e-02
   9.9299000e-03  2.2395580e-02
   1.0943400e-02  2.3576310e-02
   1.3498390e-02  2.6407610e-02
   1.6016850e-02  2.8970260e-02
   1.8518770e-02  3.1349020e-02
   2.1061700e-02  3.3683330e-02
   2.6083100e-02  3.7919170e-02
   3.1079560e-02  4.1784140e-02
   3.6093630e-02  4.5424510e-02
   4.1111850e-02  4.8856810e-02
   4.6124760e-02  5.2094870e-02
   5.1125410e-02  5.5150770e-02
   5.6138000e-02  5.8085460e-02
   6.1129560e-02  6.0855560e-02
   6.6124900e-02  6.3518200e-02
   7.1121630e-02  6.6077420e-02
   7.6144040e-02  6.8585090e-02
   8.1137220e-02  7.0950040e-02
   8.6126440e-02  7.3222990e-02
   9.1135040e-02  7.5452410e-02
   9.6136940e-02  7.7595240e-02
   1.0113140e-01  7.9654350e-02
   1.1111970e-01  8.3571910e-02
   1.2111580e-01  8.7265070e-02
   1.3111540e-01  9.0743240e-02
   1.4109560e-01  9.3973960e-02
   1.5109300e-01  9.7047080e-02
   1.6108540e-01  9.9930150e-02
   1.7107190e-01  1.0262870e-01
   1.8105230e-01  1.0514570e-01
   1.9102620e-01  1.0748500e-01
   2.0100780e-01  1.0968710e-01
   2.1099560e-01  1.1175460e-01
   2.2097620e-01  1.1364890e-01
   2.3094940e-01  1.1537650e-01
   2.4092640e-01  1.1697690e-01
   2.5089670e-01  1.1841210e-01
   2.6087010e-01  1.1971920e-01
   2.7084610e-01  1.2089680e-01
   2.8081650e-01  1.2190890e-01
   2.9078870e-01  1.2279010e-01
   3.0075660e-01  1.2350420e-01
   3.1072550e-01  1.2408560e-01
   3.2069080e-01  1.2450090e-01
   3.3065630e-01  1.2478020e-01
   3.4061920e-01  1.2488460e-01
   3.5058100e-01  1.2485400e-01
   3.6054120e-01  1.2466230e-01
   3.7050150e-01  1.2431920e-01
   3.8045870e-01  1.2390300e-01
   3.9041740e-01  1.2334840e-01
   4.0037570e-01  1.2269690e-01
   4.1033390e-01  1.2195150e-01
   4.2029240e-01  1.2111540e-01
   4.3025160e-01  1.2019040e-01
   4.5016650e-01  1.1811500e-01
   4.9997130e-01  1.1160830e-01
   5.4978400e-01  1.0366310e-01
   5.9961220e-01  9.4604200e-02
   6.4947960e-01  8.4634620e-02
   6.9936260e-01  7.4022510e-02
   7.4925850e-01  6.2955370e-02
   7.9915400e-01  5.1475200e-02
   8.4906170e-01  3.9633690e-02
   8.9895720e-01  2.7543430e-02
   9.1891400e-01  2.2677800e-02
   9.3885510e-01  1.7736260e-02
   9.5890780e-01  1.2814600e-02
   9.7857890e-01  7.4967030e-03
   1.0000000e+00  3.0665980e-03
</coords>
