<reference>interp_347586</reference>
<coords>
   1.0000000e+00  0.0000000e+00
   1.0000000e+00 -2.3626870e-03
   9.9659520e-01 -1.7331490e-03
   9.8209570e-01  1.3186790e-03
   9.6690980e-01  3.8107130e-03
   9.5067490e-01  5.4820730e-03
   9.3339070e-01  6.3598990e-03
   9.1506190e-01  6.4052830e-03
   8.9567650e-01  5.5941540e-03
   8.7524150e-01  3.8162350e-03
   8.5374780e-01  9.9460410e-04
   8.3120580e-01 -2.9295710e-03
   8.0761100e-01 -7.9796600e-03
   7.8296970e-01 -1.4193560e-02
   7.5729580e-01 -2.1532550e-02
   7.3078660e-01 -2.9855790e-02
   7.0421940e-01 -3.8768170e-02
   6.7766660e-01 -4.8088850e-02
   6.5110810e-01 -5.7702780e-02
   6.2454960e-01 -6.7496240e-02
   5.9798540e-01 -7.7339470e-02
   5.7139870e-01 -8.7163870e-02
   5.4478850e-01 -9.6832640e-02
   5.1817500e-01 -1.0627340e-01
   4.9153260e-01 -1.1540600e-01
   4.6487480e-01 -1.2411010e-01
   4.3822270e-01 -1.3223140e-01
   4.1156310e-01 -1.3960780e-01
   3.8491800e-01 -1.4608430e-01
   3.5831190e-01 -1.5141550e-01
   3.3172950e-01 -1.5536280e-01
   3.0517620e-01 -1.5764920e-01
   2.7865040e-01 -1.5800720e-01
   2.5210640e-01 -1.5625540e-01
   2.2640100e-01 -1.5242240e-01
   2.0203620e-01 -1.4693960e-01
   1.7902470e-01 -1.4020760e-01
   1.5736440e-01 -1.3252770e-01
   1.3705980e-01 -1.2413450e-01
   1.1812900e-01 -1.1517000e-01
   1.0055750e-01 -1.0578800e-01
   8.4388680e-02 -9.6164150e-02
   6.9591070e-02 -8.6409060e-02
   5.6192780e-02 -7.6625240e-02
   4.4207710e-02 -6.6869440e-02
   3.3641450e-02 -5.7262500e-02
   2.4519200e-02 -4.7926420e-02
   1.6839970e-02 -3.8897330e-02
   1.0578590e-02 -3.0294090e-02
   5.7558900e-03 -2.2037440e-02
   2.3931160e-03 -1.4045790e-02
   4.4210410e-04 -5.9858210e-03
   1.8113160e-04 -3.8111120e-03
   2.9163740e-08 -1.0607000e-05
   1.2756490e-03  1.0065630e-02
   4.0116000e-03  1.7158010e-02
   8.1937290e-03  2.4305580e-02
   1.3792300e-02  3.1772780e-02
   2.0781660e-02  3.9503730e-02
   2.9176810e-02  4.7404700e-02
   3.8945570e-02  5.5429540e-02
   5.0112630e-02  6.3490060e-02
   6.2670300e-02  7.1492620e-02
   7.6611140e-02  7.9397970e-02
   9.1924880e-02  8.7104040e-02
   1.0864470e-01  9.4537430e-02
   1.2673130e-01  1.0163740e-01
   1.4620320e-01  1.0830580e-01
   1.6706800e-01  1.1445930e-01
   1.8933340e-01  1.1997100e-01
   2.1296900e-01  1.2474440e-01
   2.3800750e-01  1.2853420e-01
   2.6434890e-01  1.3118970e-01
   2.9096530e-01  1.3266990e-01
   3.1759230e-01  1.3312210e-01
   3.4421860e-01  1.3267940e-01
   3.7086060e-01  1.3141920e-01
   3.9750510e-01  1.2946790e-01
   4.2414030e-01  1.2689940e-01
   4.5078650e-01  1.2380420e-01
   4.7742980e-01  1.2022270e-01
   5.0406190e-01  1.1622860e-01
   5.3070340e-01  1.1186870e-01
   5.5734400e-01  1.0716330e-01
   5.8397470e-01  1.0216770e-01
   6.1061550e-01  9.6905220e-02
   6.3725160e-01  9.1379350e-02
   6.6387890e-01  8.5645830e-02
   6.9051640e-01  7.9722480e-02
   7.1715430e-01  7.3636220e-02
   7.4378370e-01  6.7418170e-02
   7.7003410e-01  6.1166980e-02
   7.9523550e-01  5.5065300e-02
   8.1938780e-01  4.9134000e-02
   8.4249950e-01  4.3392960e-02
   8.6456420e-01  3.7878340e-02
   8.8557870e-01  3.2594410e-02
   9.0555440e-01  2.7547440e-02
   9.2449120e-01  2.2742690e-02
   9.4238010e-01  1.8174990e-02
   9.5921850e-01  1.3793900e-02
   9.7503680e-01  9.5799650e-03
   9.8979080e-01  5.4850750e-03
   9.9345780e-01  4.6010100e-03
   9.9693630e-01  3.6507250e-03
   1.0000000e+00  2.4868570e-03
</coords>
