<reference>interp_043448</reference>
<coords>
   1.0000000e+00 -3.5308440e-02
   9.9643260e-01 -6.2524950e-02
   9.9338200e-01 -9.0612920e-02
   9.8979240e-01 -1.1884560e-01
   9.8229330e-01 -1.4507330e-01
   9.6903210e-01 -1.6776220e-01
   9.5366200e-01 -1.8812920e-01
   9.3722910e-01 -2.0744810e-01
   9.1978700e-01 -2.2659580e-01
   9.0130070e-01 -2.4524080e-01
   8.8172420e-01 -2.6278940e-01
   8.6113280e-01 -2.7928270e-01
   8.3963850e-01 -2.9498630e-01
   8.1728820e-01 -3.0978100e-01
   7.9409010e-01 -3.2337070e-01
   7.7010970e-01 -3.3576310e-01
   7.4544370e-01 -3.4717350e-01
   7.2016310e-01 -3.5756920e-01
   6.9430820e-01 -3.6670980e-01
   6.6794030e-01 -3.7455140e-01
   6.4114250e-01 -3.8127070e-01
   6.1399100e-01 -3.8685560e-01
   5.8654990e-01 -3.9104410e-01
   5.5888780e-01 -3.9377420e-01
   5.3107810e-01 -3.9528890e-01
   5.0320010e-01 -3.9565240e-01
   4.7533550e-01 -3.9463040e-01
   4.4755540e-01 -3.9218270e-01
   4.1991870e-01 -3.8856690e-01
   3.9250070e-01 -3.8381490e-01
   3.6539910e-01 -3.7767480e-01
   3.3867660e-01 -3.7019670e-01
   3.1237000e-01 -3.6168150e-01
   2.8657140e-01 -3.5202920e-01
   2.6138720e-01 -3.4100530e-01
   2.3682940e-01 -3.2890840e-01
   2.1294070e-01 -3.1592840e-01
   1.8987270e-01 -3.0167650e-01
   1.6764520e-01 -2.8632980e-01
   1.4622410e-01 -2.7030680e-01
   1.2583520e-01 -2.5307730e-01
   1.0645130e-01 -2.3487530e-01
   8.8025770e-02 -2.1611600e-01
   7.0905570e-02 -1.9603570e-01
   5.4777180e-02 -1.7551600e-01
   4.0198440e-02 -1.5368510e-01
   2.6800860e-02 -1.3123380e-01
   1.5553590e-02 -1.0713870e-01
   6.6438730e-03 -8.1717580e-02
   1.1090540e-03 -5.4674810e-02
   3.2090950e-06 -2.6792410e-02
   9.9709270e-04  2.7127870e-03
   5.3535840e-03  3.1804770e-02
   1.2428160e-02  6.0228100e-02
   2.2094190e-02  8.7775390e-02
   3.3522210e-02  1.1456660e-01
   4.6807240e-02  1.4048900e-01
   6.1506160e-02  1.6564630e-01
   7.7982770e-02  1.8963860e-01
   9.5635530e-02  2.1287440e-01
   1.1487510e-01  2.3473460e-01
   1.3530000e-01  2.5560190e-01
   1.5687620e-01  2.7528820e-01
   1.7974850e-01  2.9342210e-01
   2.0354210e-01  3.1046640e-01
   2.2831540e-01  3.2602730e-01
   2.5404360e-01  3.3999120e-01
   2.8048230e-01  3.5269330e-01
   3.0764730e-01  3.6371160e-01
   3.3547550e-01  3.7297570e-01
   3.6378810e-01  3.8080370e-01
   3.9251370e-01  3.8685830e-01
   4.2157980e-01  3.9103440e-01
   4.5086950e-01  3.9369730e-01
   4.8025840e-01  3.9464400e-01
   5.0963490e-01  3.9360300e-01
   5.3893490e-01  3.9089060e-01
   5.6808340e-01  3.8670320e-01
   5.9698430e-01  3.8097310e-01
   6.2560980e-01  3.7387600e-01
   6.5396290e-01  3.6571260e-01
   6.8194020e-01  3.5639390e-01
   7.0942150e-01  3.4576240e-01
   7.3640240e-01  3.3405240e-01
   7.6286660e-01  3.2145780e-01
   7.8868230e-01  3.0777830e-01
   8.1375560e-01  2.9296340e-01
   8.3810600e-01  2.7732820e-01
   8.6171610e-01  2.6098630e-01
   8.8451300e-01  2.4375360e-01
   9.0629860e-01  2.2557260e-01
   9.2689830e-01  2.0656710e-01
   9.4706580e-01  1.8746380e-01
   9.6563100e-01  1.6725050e-01
   9.7573910e-01  1.4021160e-01
   9.8153850e-01  1.1028530e-01
   9.8733540e-01  8.1350420e-02
   9.9273890e-01  5.2787240e-02
   9.9689430e-01  2.3683180e-02
   9.9939730e-01 -5.8095480e-03
</coords>
