<reference></reference>
<coords>
     1.000000    0.000000
     1.000000   -0.004365
     0.991372   -0.002574
     0.982126   -0.000785
     0.972781    0.000606
     0.963481    0.001666
     0.953698    0.002405
     0.943621    0.002659
     0.932938    0.002531
     0.921652    0.002014
     0.909866    0.001103
     0.897676   -0.000290
     0.885181   -0.002164
     0.872382   -0.004436
     0.859176   -0.007283
     0.845664   -0.010620
     0.831548   -0.014453
     0.816925   -0.018869
     0.801694   -0.023874
     0.785854   -0.029558
     0.769210   -0.035839
     0.751959   -0.042712
     0.733906   -0.050180
     0.714847   -0.058338
     0.694881   -0.067181
     0.673815   -0.076624
     0.652354   -0.086280
     0.631305   -0.095667
     0.611264   -0.104577
     0.592336   -0.112823
     0.574220   -0.120502
     0.556719   -0.127618
     0.540033   -0.134074
     0.523954   -0.140053
     0.508387   -0.145471
     0.493033   -0.150428
     0.478087   -0.154915
     0.463346   -0.159026
     0.448614   -0.162678
     0.433984   -0.165954
     0.419555   -0.168848
     0.405228   -0.171274
     0.391198   -0.173311
     0.377464   -0.174868
     0.363824   -0.176036
     0.349879   -0.176819
     0.335627   -0.177123
     0.321067   -0.177113
     0.306297   -0.176690
     0.291418   -0.175753
     0.276531   -0.174468
     0.261639   -0.172656
     0.246746   -0.170486
     0.232056   -0.167873
     0.217470   -0.164819
     0.203090   -0.161336
     0.189017   -0.157523
     0.175349   -0.153393
     0.162086   -0.148954
     0.149123   -0.144118
     0.136663   -0.139076
     0.124705   -0.133833
     0.113243   -0.128302
     0.102380   -0.122671
     0.092014   -0.116850
     0.082231   -0.110757
     0.072854   -0.104654
     0.064158   -0.098377
     0.056062   -0.092199
     0.048646   -0.085941
     0.041826   -0.079786
     0.035792   -0.073841
     0.030254   -0.067996
     0.025501   -0.062460
     0.021237   -0.057029
     0.017559   -0.051803
     0.014176   -0.046575
     0.011283   -0.041547
     0.008781   -0.036618
     0.006670   -0.031785
     0.004856   -0.026946
     0.003433   -0.022102
     0.002227   -0.017243
     0.001256   -0.012569
     0.000518   -0.008083
     0.000105   -0.004091
     0.000000   -0.000297
     0.000111    0.003489
     0.000449    0.007669
     0.001121    0.012236
     0.002057    0.017279
     0.003238    0.022494
     0.004628    0.027493
     0.006304    0.032284
     0.008365    0.037069
     0.010727    0.041941
     0.013580    0.047004
     0.016743    0.052249
     0.020386    0.057495
     0.024518    0.062836
     0.029055    0.068360
     0.034078    0.073884
     0.039683    0.079413
     0.045784    0.085033
     0.052369    0.090559
     0.059440    0.095992
     0.067101    0.101425
     0.075252    0.106762
     0.083984    0.111916
     0.093215    0.117061
     0.103027    0.121931
     0.113432    0.126703
     0.124427    0.131285
     0.135912    0.135583
     0.147792    0.139680
     0.160162    0.143401
     0.172830    0.146914
     0.185991    0.150048
     0.199449    0.152880
     0.213302    0.155321
     0.227454    0.157455
     0.242003    0.159192
     0.256848    0.160535
     0.272091    0.161574
     0.287731    0.162223
     0.303669    0.162483
     0.319904    0.162443
     0.336338    0.162017
     0.353071    0.161207
     0.370104    0.160014
     0.387436    0.158524
     0.405168    0.156650
     0.423101    0.154395
     0.441434    0.151845
     0.459870    0.148919
     0.478607    0.145700
     0.497545    0.142193
     0.516688    0.138309
     0.536133    0.134135
     0.555979    0.129670
     0.576225    0.124913
     0.596675    0.119870
     0.617428    0.114538
     0.638480    0.109008
     0.659835    0.103190
     0.681688    0.097169
     0.703643    0.090956
     0.725899    0.084547
     0.748550    0.078029
     0.771302    0.071409
     0.794252    0.064687
     0.817401    0.057863
     0.840450    0.051035
     0.863194    0.044387
     0.885737    0.037830
     0.908279    0.031269
     0.930718    0.024796
     0.952753    0.018502
     0.973189    0.012587
     0.989335    0.007841
     1.000000    0.004677
</coords>
