<reference>interp_390600</reference>
<coords>
   1.0000000e+00  0.0000000e+00
   1.0000000e+00 -2.1264530e-03
   9.9658360e-01 -2.1049310e-03
   9.8147840e-01  5.5321490e-04
   9.6654510e-01  3.2395360e-03
   9.5056540e-01  5.2394910e-03
   9.3353800e-01  6.6849470e-03
   9.1545490e-01  7.3915660e-03
   8.9629900e-01  7.3472370e-03
   8.7607070e-01  6.3342000e-03
   8.5476200e-01  4.3024270e-03
   8.3238510e-01  1.1837800e-03
   8.0894860e-01 -3.1139760e-03
   7.8447400e-01 -8.6648890e-03
   7.5898490e-01 -1.5428530e-02
   7.3269610e-01 -2.3298420e-02
   7.0637860e-01 -3.1864550e-02
   6.8008580e-01 -4.0876150e-02
   6.5379800e-01 -5.0213170e-02
   6.2751030e-01 -5.9731000e-02
   6.0117860e-01 -6.9191260e-02
   5.7479420e-01 -7.8545670e-02
   5.4832910e-01 -8.7568130e-02
   5.2182860e-01 -9.6250840e-02
   4.9525310e-01 -1.0444790e-01
   4.6862500e-01 -1.1203550e-01
   4.4199190e-01 -1.1891230e-01
   4.1535770e-01 -1.2492780e-01
   3.8877310e-01 -1.3001450e-01
   3.6229790e-01 -1.3408890e-01
   3.3592790e-01 -1.3703420e-01
   3.0965800e-01 -1.3863450e-01
   2.8345810e-01 -1.3880820e-01
   2.5721990e-01 -1.3747660e-01
   2.3172000e-01 -1.3460740e-01
   2.0741630e-01 -1.3049680e-01
   1.8432810e-01 -1.2534030e-01
   1.6247310e-01 -1.1931380e-01
   1.4186590e-01 -1.1261200e-01
   1.2254470e-01 -1.0530690e-01
   1.0450850e-01 -9.7529420e-02
   8.7832620e-02 -8.9394000e-02
   7.2482490e-02 -8.1041830e-02
   5.8505740e-02 -7.2542640e-02
   4.5974290e-02 -6.3867590e-02
   3.4907310e-02 -5.5151730e-02
   2.5366930e-02 -4.6497610e-02
   1.7373980e-02 -3.7953800e-02
   1.0842210e-02 -2.9726250e-02
   5.8430160e-03 -2.1720490e-02
   2.4249560e-03 -1.3875350e-02
   4.4721210e-04 -5.9368360e-03
   1.8387870e-04 -3.7895360e-03
   9.9960900e-08 -3.6356260e-05
   1.3621900e-03  9.9773510e-03
   4.3310680e-03  1.6932280e-02
   8.8582250e-03  2.3826320e-02
   1.4817470e-02  3.0961440e-02
   2.2145120e-02  3.8318420e-02
   3.0892650e-02  4.5762910e-02
   4.0949710e-02  5.3350410e-02
   5.2376670e-02  6.0953410e-02
   6.5171420e-02  6.8471790e-02
   7.9284220e-02  7.5953150e-02
   9.4728430e-02  8.3266150e-02
   1.1154510e-01  9.0329070e-02
   1.2967190e-01  9.7154710e-02
   1.4914840e-01  1.0361030e-01
   1.6997610e-01  1.0965080e-01
   1.9218200e-01  1.1510860e-01
   2.1570960e-01  1.2003570e-01
   2.4062320e-01  1.2411180e-01
   2.6682220e-01  1.2729020e-01
   2.9330880e-01  1.2941430e-01
   3.1983140e-01  1.3050560e-01
   3.4637590e-01  1.3063410e-01
   3.7294990e-01  1.2977140e-01
   3.9953250e-01  1.2814460e-01
   4.2610740e-01  1.2582500e-01
   4.5269580e-01  1.2295750e-01
   4.7927430e-01  1.1951560e-01
   5.0583860e-01  1.1562800e-01
   5.3241340e-01  1.1137510e-01
   5.5898020e-01  1.0672950e-01
   5.8553970e-01  1.0180540e-01
   6.1210960e-01  9.6614440e-02
   6.3866360e-01  9.1103470e-02
   6.6521140e-01  8.5397790e-02
   6.9176990e-01  7.9505150e-02
   7.1833010e-01  7.3454690e-02
   7.4488520e-01  6.7287480e-02
   7.7106360e-01  6.1091670e-02
   7.9619570e-01  5.5041760e-02
   8.2028050e-01  4.9155860e-02
   8.4332360e-01  4.3441410e-02
   8.6532690e-01  3.7968990e-02
   8.8627970e-01  3.2711920e-02
   9.0619630e-01  2.7689300e-02
   9.2507690e-01  2.2907000e-02
   9.4291450e-01  1.8369180e-02
   9.5970050e-01  1.3997570e-02
   9.7551440e-01  9.8590520e-03
   9.9022980e-01  5.7789920e-03
   9.9422910e-01  5.1593750e-03
   9.9775260e-01  4.2545240e-03
   1.0000000e+00  2.5520540e-03
</coords>
