<reference>interp_006300</reference>
<coords>
   1.0000000e+00 -6.1589690e-03
   9.9856290e-01 -3.6825100e-02
   9.9559040e-01 -6.7541700e-02
   9.9090820e-01 -9.8078800e-02
   9.8394340e-01 -1.2796070e-01
   9.7439490e-01 -1.5682000e-01
   9.6292980e-01 -1.8477150e-01
   9.4976520e-01 -2.1194070e-01
   9.3494940e-01 -2.3838590e-01
   9.1852480e-01 -2.6395820e-01
   9.0053380e-01 -2.8846750e-01
   8.8104890e-01 -3.1183420e-01
   8.6015010e-01 -3.3402540e-01
   8.3791560e-01 -3.5494200e-01
   8.1441710e-01 -3.7446200e-01
   7.8974440e-01 -3.9251660e-01
   7.6399360e-01 -4.0908320e-01
   7.3726380e-01 -4.2409650e-01
   7.0964870e-01 -4.3746430e-01
   6.8124980e-01 -4.4913030e-01
   6.5217660e-01 -4.5908640e-01
   6.2253890e-01 -4.6729580e-01
   5.9244540e-01 -4.7368320e-01
   5.6200780e-01 -4.7821550e-01
   5.3133970e-01 -4.8092010e-01
   5.0055820e-01 -4.8179830e-01
   4.6977900e-01 -4.8080520e-01
   4.3911610e-01 -4.7793790e-01
   4.0868300e-01 -4.7325110e-01
   3.7859350e-01 -4.6676540e-01
   3.4896450e-01 -4.5845910e-01
   3.1990440e-01 -4.4837070e-01
   2.9151620e-01 -4.3658720e-01
   2.6391090e-01 -4.2313010e-01
   2.3719790e-01 -4.0800720e-01
   2.1146600e-01 -3.9132090e-01
   1.8680930e-01 -3.7316380e-01
   1.6333350e-01 -3.5352830e-01
   1.4112040e-01 -3.3251550e-01
   1.2023430e-01 -3.1026850e-01
   1.0078490e-01 -2.8677340e-01
   8.2827470e-02 -2.6215010e-01
   6.6413450e-02 -2.3655790e-01
   5.1653710e-02 -2.0995000e-01
   3.8542260e-02 -1.8257130e-01
   2.7215220e-02 -1.5436450e-01
   1.7642960e-02 -1.2554660e-01
   1.0024280e-02 -9.6036730e-02
   4.4141220e-03 -6.5990060e-02
   1.0082900e-03 -3.5455780e-02
   5.5977320e-07 -4.6734910e-03
   9.8876050e-04  2.6391860e-02
   4.1890530e-03  5.7283600e-02
   9.4791040e-03  8.7853950e-02
   1.6821960e-02  1.1796600e-01
   2.6050660e-02  1.4754090e-01
   3.7152040e-02  1.7646140e-01
   5.0014140e-02  2.0464910e-01
   6.4661620e-02  2.3193930e-01
   8.0940830e-02  2.5831240e-01
   9.8873060e-02  2.8357380e-01
   1.1832880e-01  3.0770350e-01
   1.3924190e-01  3.3058940e-01
   1.6156750e-01  3.5208840e-01
   1.8516990e-01  3.7221100e-01
   2.0998090e-01  3.9081840e-01
   2.3591700e-01  4.0783030e-01
   2.6284880e-01  4.2324600e-01
   2.9069240e-01  4.3694130e-01
   3.1934600e-01  4.4885540e-01
   3.4868350e-01  4.5900490e-01
   3.7859570e-01  4.6729630e-01
   4.0897270e-01  4.7368150e-01
   4.3969420e-01  4.7820210e-01
   4.7063770e-01  4.8080760e-01
   5.0168060e-01  4.8144080e-01
   5.3271020e-01  4.8015280e-01
   5.6361180e-01  4.7698200e-01
   5.9426550e-01  4.7192650e-01
   6.2456560e-01  4.6503180e-01
   6.5441290e-01  4.5637250e-01
   6.8369190e-01  4.4596300e-01
   7.1228500e-01  4.3381040e-01
   7.4009650e-01  4.1999440e-01
   7.6703270e-01  4.0459750e-01
   7.9298410e-01  3.8763510e-01
   8.1784740e-01  3.6915790e-01
   8.4154700e-01  3.4928110e-01
   8.6400120e-01  3.2809470e-01
   8.8512720e-01  3.0563670e-01
   9.0482030e-01  2.8197560e-01
   9.2298980e-01  2.5721220e-01
   9.3970770e-01  2.3156000e-01
   9.5471950e-01  2.0492890e-01
   9.6678080e-01  1.7641300e-01
   9.7657640e-01  1.4679410e-01
   9.8482290e-01  1.1684530e-01
   9.9142220e-01  8.6556020e-02
   9.9620310e-01  5.5866920e-02
   9.9908000e-01  2.4905290e-02
</coords>
