<reference>interp_277200</reference>
<coords>
   1.0000000e+00  0.0000000e+00
   1.0000000e+00 -3.2842760e-03
   9.8954040e-01 -7.0426560e-04
   9.8064790e-01  7.2803940e-04
   9.7132610e-01  2.1988660e-03
   9.6206490e-01  3.3377140e-03
   9.5238860e-01  4.0822120e-03
   9.4240410e-01  4.4557370e-03
   9.3180220e-01  4.5127870e-03
   9.2060450e-01  4.2135520e-03
   9.0890270e-01  3.5522460e-03
   8.9678370e-01  2.4841700e-03
   8.8434470e-01  1.0006100e-03
   8.7159350e-01 -8.6610540e-04
   8.5840900e-01 -3.2180770e-03
   8.4489860e-01 -6.0144760e-03
   8.3077360e-01 -9.2889720e-03
   8.1611380e-01 -1.3079140e-02
   8.0082540e-01 -1.7410170e-02
   7.8489060e-01 -2.2339120e-02
   7.6814260e-01 -2.7852160e-02
   7.5076650e-01 -3.3915530e-02
   7.3257490e-01 -4.0550870e-02
   7.1336020e-01 -4.7830250e-02
   6.9321200e-01 -5.5731820e-02
   6.7196790e-01 -6.4231230e-02
   6.5034720e-01 -7.2986870e-02
   6.2917850e-01 -8.1581300e-02
   6.0904040e-01 -8.9779740e-02
   5.9005970e-01 -9.7442780e-02
   5.7193440e-01 -1.0465830e-01
   5.5447540e-01 -1.1144990e-01
   5.3787820e-01 -1.1772080e-01
   5.2191530e-01 -1.2360120e-01
   5.0651060e-01 -1.2906320e-01
   4.9136110e-01 -1.3420660e-01
   4.7664570e-01 -1.3898800e-01
   4.6215410e-01 -1.4348110e-01
   4.4770280e-01 -1.4766540e-01
   4.3336410e-01 -1.5155750e-01
   4.1922620e-01 -1.5513180e-01
   4.0519620e-01 -1.5835460e-01
   3.9144990e-01 -1.6122740e-01
   3.7798590e-01 -1.6369210e-01
   3.6459640e-01 -1.6580330e-01
   3.5088340e-01 -1.6758590e-01
   3.3683870e-01 -1.6896220e-01
   3.2245590e-01 -1.6997130e-01
   3.0783140e-01 -1.7051500e-01
   2.9306200e-01 -1.7049460e-01
   2.7826410e-01 -1.6995150e-01
   2.6343880e-01 -1.6878070e-01
   2.4861790e-01 -1.6704510e-01
   2.3400620e-01 -1.6471100e-01
   2.1951710e-01 -1.6179820e-01
   2.0525360e-01 -1.5835230e-01
   1.9132410e-01 -1.5447420e-01
   1.7781900e-01 -1.5022210e-01
   1.6473150e-01 -1.4563090e-01
   1.5194460e-01 -1.4065810e-01
   1.3967110e-01 -1.3546130e-01
   1.2790480e-01 -1.3005900e-01
   1.1661660e-01 -1.2441510e-01
   1.0592750e-01 -1.1867650e-01
   9.5715790e-02 -1.1278440e-01
   8.6026660e-02 -1.0672190e-01
   7.6764110e-02 -1.0061410e-01
   6.8110080e-02 -9.4431950e-02
   6.0055180e-02 -8.8338980e-02
   5.2607460e-02 -8.2247810e-02
   4.5736340e-02 -7.6266460e-02
   3.9602980e-02 -7.0529410e-02
   3.3945870e-02 -6.4897480e-02
   2.9017300e-02 -5.9604540e-02
   2.4534810e-02 -5.4434050e-02
   2.0586370e-02 -4.9485430e-02
   1.6913810e-02 -4.4530140e-02
   1.3694200e-02 -3.9773630e-02
   1.0830620e-02 -3.5111360e-02
   8.3267740e-03 -3.0534100e-02
   6.1096490e-03 -2.5927160e-02
   4.2461570e-03 -2.1293950e-02
   2.6666440e-03 -1.6597410e-02
   1.4415590e-03 -1.2026660e-02
   5.7601930e-04 -7.6014700e-03
   1.1929380e-04 -3.6483250e-03
   7.1760990e-07  1.1065580e-04
   1.5338860e-04  3.8399750e-03
   6.3185190e-04  7.9433790e-03
   1.5702390e-03  1.2385080e-02
   3.0019390e-03  1.7209020e-02
   4.8425060e-03  2.2107150e-02
   6.9242170e-03  2.6730370e-02
   9.2381530e-03  3.1119080e-02
   1.1881360e-02  3.5476720e-02
   1.4830380e-02  3.9876820e-02
   1.8236970e-02  4.4434950e-02
   2.1990750e-02  4.9108700e-02
   2.6148150e-02  5.3785420e-02
   3.0755030e-02  5.8540110e-02
   3.5787780e-02  6.3416410e-02
   4.1250800e-02  6.8294040e-02
   4.7226780e-02  7.3193960e-02
   5.3687000e-02  7.8152170e-02
   6.0572350e-02  8.3039840e-02
   6.7891310e-02  8.7856240e-02
   7.5763580e-02  9.2676630e-02
   8.4086530e-02  9.7415110e-02
   9.2924650e-02  1.0203310e-01
   1.0225500e-01  1.0661030e-01
   1.1209400e-01  1.1100370e-01
   1.2250110e-01  1.1530640e-01
   1.3346130e-01  1.1945690e-01
   1.4487170e-01  1.2338060e-01
   1.5666530e-01  1.2710150e-01
   1.6890450e-01  1.3053560e-01
   1.8144020e-01  1.3373710e-01
   1.9443600e-01  1.3663020e-01
   2.0772130e-01  1.3921890e-01
   2.2138450e-01  1.4145340e-01
   2.3534170e-01  1.4335070e-01
   2.4968180e-01  1.4486910e-01
   2.6430780e-01  1.4601220e-01
   2.7932190e-01  1.4683530e-01
   2.9472040e-01  1.4730520e-01
   3.1040760e-01  1.4742770e-01
   3.2638540e-01  1.4725030e-01
   3.4255750e-01  1.4674130e-01
   3.5902460e-01  1.4590500e-01
   3.7578940e-01  1.4474360e-01
   3.9284960e-01  1.4330080e-01
   4.1030910e-01  1.4153260e-01
   4.2797600e-01  1.3945340e-01
   4.4603960e-01  1.3709700e-01
   4.6421890e-01  1.3444820e-01
   4.8270130e-01  1.3153910e-01
   5.0139120e-01  1.2838020e-01
   5.2030150e-01  1.2493140e-01
   5.3951910e-01  1.2123040e-01
   5.5914050e-01  1.1726860e-01
   5.7916620e-01  1.1304620e-01
   5.9940680e-01  1.0858760e-01
   6.1995880e-01  1.0388470e-01
   6.4080850e-01  9.8983570e-02
   6.6197180e-01  9.3843770e-02
   6.8362360e-01  8.8489420e-02
   7.0538670e-01  8.2972190e-02
   7.2745160e-01  7.7274040e-02
   7.4989710e-01  7.1430080e-02
   7.7244140e-01  6.5481120e-02
   7.9517960e-01  5.9419490e-02
   8.1811240e-01  5.3248220e-02
   8.4094370e-01  4.7059830e-02
   8.6345530e-01  4.0977630e-02
   8.8575910e-01  3.4951140e-02
   9.0805890e-01  2.8909060e-02
   9.3024550e-01  2.2910020e-02
   9.5201300e-01  1.7016340e-02
   9.7220020e-01  1.1438750e-02
   9.8811130e-01  6.8915780e-03
   1.0000000e+00  3.9493770e-03
</coords>
