<reference></reference><coords>
     1.000000   -0.001839
     0.992454   -0.001279
     0.983422    0.000470
     0.974295    0.001823
     0.964998    0.003120
     0.955280    0.004017
     0.945296    0.004483
     0.934677    0.004644
     0.923450    0.004455
     0.911721    0.003896
     0.899569    0.002933
     0.887092    0.001557
     0.874300   -0.000204
     0.861070   -0.002446
     0.847509   -0.005132
     0.833330   -0.008303
     0.818613   -0.011989
     0.803261   -0.016216
     0.787259   -0.021040
     0.770440   -0.026454
     0.752991   -0.032423
     0.734724   -0.038970
     0.715432   -0.046165
     0.695201   -0.053983
     0.673874   -0.062406
     0.652173   -0.071094
     0.630930   -0.079634
     0.610724   -0.087789
     0.591683   -0.095421
     0.573506   -0.102617
     0.556002   -0.109403
     0.539367   -0.115682
     0.523371   -0.121577
     0.507939   -0.127066
     0.492768   -0.132250
     0.478034   -0.137082
     0.463528   -0.141636
     0.449065   -0.145895
     0.434717   -0.149871
     0.420570   -0.153535
     0.406532   -0.156859
     0.392778   -0.159838
     0.379306   -0.162417
     0.365907   -0.164649
     0.352182   -0.166559
     0.338122   -0.168071
     0.323719   -0.169215
     0.309070   -0.169891
     0.294271   -0.170001
     0.279439   -0.169572
     0.264575   -0.168505
     0.249714   -0.166853
     0.235061   -0.164583
     0.220531   -0.161715
     0.206228   -0.158298
     0.192263   -0.154434
     0.178725   -0.150184
     0.165608   -0.145589
     0.152791   -0.140610
     0.140491   -0.135403
     0.128701   -0.129987
     0.117388   -0.124332
     0.106676   -0.118581
     0.096442   -0.112677
     0.086727   -0.106610
     0.077441   -0.100494
     0.068760   -0.094312
     0.060680   -0.088217
     0.053202   -0.082131
     0.046300   -0.076154
     0.040135   -0.070426
     0.034446   -0.064802
     0.029483   -0.059520
     0.024963   -0.054363
     0.020975   -0.049429
     0.017261   -0.044488
     0.013998   -0.039745
     0.011089   -0.035097
     0.008538   -0.030533
     0.006273   -0.025937
     0.004358   -0.021312
     0.002734   -0.016620
     0.001476   -0.012047
     0.000591   -0.007616
     0.000124   -0.003656
     0.000001    0.000110
     0.000154    0.003840
     0.000643    0.007943
     0.001604    0.012381
     0.003080    0.017194
     0.004981    0.022071
     0.007127    0.026668
     0.009501    0.031028
     0.012200    0.035353
     0.015206    0.039718
     0.018667    0.044237
     0.022480    0.048866
     0.026690    0.053498
     0.031347    0.058207
     0.036432    0.063031
     0.041943    0.067857
     0.047963    0.072706
     0.054466    0.077611
     0.061389    0.082447
     0.068743    0.087213
     0.076647    0.091983
     0.084999    0.096672
     0.093861    0.101245
     0.103216    0.105775
     0.113074    0.110128
     0.123499    0.114390
     0.134474    0.118503
     0.145897    0.122394
     0.157702    0.126081
     0.169949    0.129488
     0.182493    0.132659
     0.195496    0.135527
     0.208787    0.138089
     0.222455    0.140298
     0.236417    0.142166
     0.250761    0.143656
     0.265390    0.144773
     0.280406    0.145568
     0.295807    0.146013
     0.311495    0.146113
     0.327473    0.145914
     0.343646    0.145388
     0.360113    0.144539
     0.376878    0.143370
     0.393939    0.141921
     0.411400    0.140151
     0.429068    0.138076
     0.447134    0.135725
     0.465316    0.133090
     0.483802    0.130196
     0.502497    0.127056
     0.521413    0.123634
     0.540638    0.119962
     0.560267    0.116032
     0.580302    0.111844
     0.600552    0.107424
     0.621116    0.102764
     0.641977    0.097905
     0.663154    0.092812
     0.684819    0.087504
     0.706596    0.082035
     0.728675    0.076387
     0.751135    0.070590
     0.773693    0.064687
     0.796445    0.058671
     0.819392    0.052545
     0.842237    0.046402
     0.864761    0.040359
     0.887076    0.034369
     0.909387    0.028362
     0.931583    0.022394
     0.953360    0.016521
     0.973543    0.010944
     0.989476    0.006413
     0.999999    0.003394
</coords>
