<reference>interp_239400</reference>
<coords>
   1.0000000e+00  0.0000000e+00
   1.0000000e+00 -4.1336970e-03
   9.9031250e-01 -1.7913300e-03
   9.8121830e-01 -1.7698680e-04
   9.7185780e-01  1.2587750e-03
   9.6257730e-01  2.3288820e-03
   9.5283980e-01  3.0513500e-03
   9.4279810e-01  3.3389660e-03
   9.3214770e-01  3.2687560e-03
   9.2089930e-01  2.8206180e-03
   9.0914890e-01  1.9916310e-03
   8.9698980e-01  7.0971820e-04
   8.8452060e-01 -1.0295210e-03
   8.7174520e-01 -3.1602550e-03
   8.5855300e-01 -5.8330530e-03
   8.4504780e-01 -8.9777910e-03
   8.3093520e-01 -1.2611470e-02
   8.1630500e-01 -1.6802570e-02
   8.0106040e-01 -2.1563810e-02
   7.8519230e-01 -2.6973510e-02
   7.6851760e-01 -3.2975170e-02
   7.5122860e-01 -3.9551760e-02
   7.3313190e-01 -4.6714190e-02
   7.1402350e-01 -5.4548360e-02
   6.9399820e-01 -6.3043250e-02
   6.7287490e-01 -7.2137050e-02
   6.5136350e-01 -8.1459240e-02
   6.3027830e-01 -9.0551510e-02
   6.1020860e-01 -9.9196300e-02
   5.9126780e-01 -1.0722420e-01
   5.7315510e-01 -1.1472900e-01
   5.5567580e-01 -1.2172290e-01
   5.3902770e-01 -1.2810720e-01
   5.2299690e-01 -1.3404680e-01
   5.0749550e-01 -1.3947810e-01
   4.9222200e-01 -1.4450100e-01
   4.7736570e-01 -1.4909360e-01
   4.6272140e-01 -1.5334260e-01
   4.4809750e-01 -1.5718810e-01
   4.3357990e-01 -1.6068800e-01
   4.1926270e-01 -1.6382950e-01
   4.0504960e-01 -1.6654590e-01
   3.9112820e-01 -1.6888760e-01
   3.7749780e-01 -1.7077570e-01
   3.6395460e-01 -1.7228720e-01
   3.5009950e-01 -1.7343480e-01
   3.3592840e-01 -1.7412980e-01
   3.2143800e-01 -1.7449070e-01
   3.0672670e-01 -1.7441870e-01
   2.9189260e-01 -1.7381430e-01
   2.7704420e-01 -1.7279750e-01
   2.6218190e-01 -1.7121620e-01
   2.4732180e-01 -1.6920110e-01
   2.3266640e-01 -1.6668590e-01
   2.1812240e-01 -1.6368040e-01
   2.0379130e-01 -1.6020770e-01
   1.8977740e-01 -1.5636830e-01
   1.7617580e-01 -1.5219150e-01
   1.6298310e-01 -1.4769500e-01
   1.5009070e-01 -1.4280770e-01
   1.3770510e-01 -1.3770830e-01
   1.2582310e-01 -1.3240620e-01
   1.1443000e-01 -1.2683350e-01
   1.0363650e-01 -1.2116360e-01
   9.3331590e-02 -1.1531700e-01
   8.3587570e-02 -1.0923600e-01
   7.4256970e-02 -1.0313200e-01
   6.5580180e-02 -9.6891530e-02
   5.7502950e-02 -9.0745580e-02
   5.0078860e-02 -8.4551020e-02
   4.3242950e-02 -7.8461420e-02
   3.7175610e-02 -7.2594190e-02
   3.1596290e-02 -6.6829540e-02
   2.6780870e-02 -6.1384580e-02
   2.2438240e-02 -5.6050960e-02
   1.8662300e-02 -5.0928380e-02
   1.5174190e-02 -4.5802430e-02
   1.2162330e-02 -4.0875860e-02
   9.5282530e-03 -3.6046390e-02
   7.2738500e-03 -3.1309350e-02
   5.3127430e-03 -2.6557320e-02
   3.7282260e-03 -2.1792020e-02
   2.3861100e-03 -1.6994760e-02
   1.3219680e-03 -1.2360010e-02
   5.3838360e-04 -7.8977910e-03
   1.0974180e-04 -3.9214490e-03
   3.6233540e-07 -1.4215980e-04
   1.2695690e-04  3.6221520e-03
   5.1706660e-04  7.7733790e-03
   1.2879250e-03  1.2293450e-02
   2.4068830e-03  1.7254060e-02
   3.8313020e-03  2.2351150e-02
   5.4764950e-03  2.7210410e-02
   7.3874670e-03  3.1852250e-02
   9.6627260e-03  3.6478410e-02
   1.2240920e-02  4.1175500e-02
   1.5297690e-02  4.6051410e-02
   1.8678290e-02  5.1084720e-02
   2.2510220e-02  5.6119520e-02
   2.6816650e-02  6.1243190e-02
   3.1536140e-02  6.6527290e-02
   3.6720420e-02  7.1812060e-02
   4.2460750e-02  7.7108080e-02
   4.8693120e-02  8.2483050e-02
   5.5387700e-02  8.7772890e-02
   6.2548750e-02  9.2977230e-02
   7.0286220e-02  9.8183590e-02
   7.8498790e-02  1.0329910e-01
   8.7268530e-02  1.0825470e-01
   9.6534330e-02  1.1318970e-01
   1.0635410e-01  1.1788350e-01
   1.1675760e-01  1.2248190e-01
   1.2773750e-01  1.2690440e-01
   1.3919230e-01  1.3106390e-01
   1.5103850e-01  1.3502200e-01
   1.6335740e-01  1.3863730e-01
   1.7597440e-01  1.4203610e-01
   1.8907130e-01  1.4508110e-01
   2.0246290e-01  1.4782390e-01
   2.1624330e-01  1.5018990e-01
   2.3032070e-01  1.5223710e-01
   2.4478950e-01  1.5389480e-01
   2.5955120e-01  1.5516520e-01
   2.7470680e-01  1.5612530e-01
   2.9025460e-01  1.5670910e-01
   3.0609660e-01  1.5691950e-01
   3.2223400e-01  1.5682990e-01
   3.3856840e-01  1.5637490e-01
   3.5520030e-01  1.5555660e-01
   3.7213100e-01  1.5437610e-01
   3.8935950e-01  1.5290490e-01
   4.0698760e-01  1.5107150e-01
   4.2481940e-01  1.4888300e-01
   4.4304950e-01  1.4640600e-01
   4.6138760e-01  1.4358330e-01
   4.8002720e-01  1.4048070e-01
   4.9887070e-01  1.3710340e-01
   5.1792440e-01  1.3338170e-01
   5.3728180e-01  1.2938420e-01
   5.5704110e-01  1.2510640e-01
   5.7720260e-01  1.2054860e-01
   5.9757160e-01  1.1572290e-01
   6.1824640e-01  1.1062540e-01
   6.3922010e-01  1.0532870e-01
   6.6050050e-01  9.9763060e-02
   6.8227520e-01  9.3990050e-02
   7.0415560e-01  8.8035780e-02
   7.2633690e-01  8.1891140e-02
   7.4890840e-01  7.5623370e-02
   7.7157930e-01  6.9253080e-02
   7.9444710e-01  6.2776390e-02
   8.1751210e-01  5.6194830e-02
   8.4047650e-01  4.9604630e-02
   8.6313090e-01  4.3167060e-02
   8.8558130e-01  3.6807130e-02
   9.0802970e-01  3.0439320e-02
   9.3037150e-01  2.4142760e-02
   9.5230360e-01  1.7998410e-02
   9.7264570e-01  1.2211690e-02
   9.8869980e-01  7.5393520e-03
   1.0000000e+00  4.4695200e-03
</coords>
