<reference>interp_302400</reference>
<coords>
   1.0000000e+00  0.0000000e+00
   1.0000000e+00 -2.7179950e-03
   9.8902570e-01  2.0444150e-05
   9.8026770e-01  1.3313900e-03
   9.7097170e-01  2.8255930e-03
   9.6172320e-01  4.0102680e-03
   9.5208780e-01  4.7694540e-03
   9.4214140e-01  5.2002510e-03
   9.3157190e-01  5.3421420e-03
   9.2040800e-01  5.1421740e-03
   9.0873860e-01  4.5926560e-03
   8.9664630e-01  3.6671380e-03
   8.8422740e-01  2.3540310e-03
   8.7149230e-01  6.6332780e-04
   8.5831290e-01 -1.4747600e-03
   8.4479920e-01 -4.0389320e-03
   8.3066580e-01 -7.0739740e-03
   8.1598640e-01 -1.0596860e-02
   8.0066880e-01 -1.4641080e-02
   7.8468950e-01 -1.9249530e-02
   7.6789260e-01 -2.4436820e-02
   7.5045840e-01 -3.0158050e-02
   7.3220350e-01 -3.6441990e-02
   7.1291810e-01 -4.3351510e-02
   6.9268790e-01 -5.0857520e-02
   6.7136320e-01 -5.8960680e-02
   6.4966960e-01 -6.7338630e-02
   6.2844530e-01 -7.5601160e-02
   6.0826170e-01 -8.3502040e-02
   5.8925420e-01 -9.0921850e-02
   5.7112070e-01 -9.7944390e-02
   5.5367520e-01 -1.0460120e-01
   5.3711190e-01 -1.1079660e-01
   5.2119430e-01 -1.1663750e-01
   5.0585390e-01 -1.2211990e-01
   4.9078720e-01 -1.2734360e-01
   4.7616560e-01 -1.3225100e-01
   4.6177580e-01 -1.3690680e-01
   4.4743970e-01 -1.4131700e-01
   4.3322020e-01 -1.4547050e-01
   4.1920180e-01 -1.4933340e-01
   4.0529400e-01 -1.5289380e-01
   3.9166450e-01 -1.5612060e-01
   3.7831130e-01 -1.5896980e-01
   3.6502420e-01 -1.6148060e-01
   3.5140600e-01 -1.6368670e-01
   3.3744560e-01 -1.6551720e-01
   3.2313440e-01 -1.6695830e-01
   3.0856790e-01 -1.6791260e-01
   2.9384160e-01 -1.6828140e-01
   2.7907740e-01 -1.6805420e-01
   2.6427670e-01 -1.6715710e-01
   2.4948190e-01 -1.6560770e-01
   2.3489940e-01 -1.6339440e-01
   2.2044680e-01 -1.6054340e-01
   2.0622850e-01 -1.5711530e-01
   1.9235520e-01 -1.5321150e-01
   1.7891440e-01 -1.4890920e-01
   1.6589710e-01 -1.4425490e-01
   1.5318050e-01 -1.3922500e-01
   1.4098170e-01 -1.3396330e-01
   1.2929260e-01 -1.2849420e-01
   1.1807430e-01 -1.2280280e-01
   1.0745480e-01 -1.1701850e-01
   9.7305260e-02 -1.1109600e-01
   8.7652720e-02 -1.0504580e-01
   7.8435540e-02 -9.8935520e-02
   6.9796680e-02 -9.2792230e-02
   6.1756660e-02 -8.6734590e-02
   5.4293200e-02 -8.0712330e-02
   4.7398610e-02 -7.4803160e-02
   4.1221220e-02 -6.9152890e-02
   3.5512270e-02 -6.3609440e-02
   3.0508250e-02 -5.8417840e-02
   2.5932520e-02 -5.3356120e-02
   2.1869080e-02 -4.8523460e-02
   1.8073560e-02 -4.3681950e-02
   1.4715460e-02 -3.9038820e-02
   1.1698870e-02 -3.4488010e-02
   9.0287240e-03 -3.0017270e-02
   6.6409190e-03 -2.5507060e-02
   4.5914450e-03 -2.0961890e-02
   2.8536660e-03 -1.6332510e-02
   1.5212860e-03 -1.1804420e-02
   6.0110970e-04 -7.4039230e-03
   1.2566170e-04 -3.4662430e-03
   9.5445960e-07  2.7919950e-04
   1.7100960e-04  3.9851910e-03
   7.0837550e-04  8.0567130e-03
   1.7584480e-03  1.2446160e-02
   3.3986430e-03  1.7178990e-02
   5.5166420e-03  2.1944480e-02
   7.8893640e-03  2.6410330e-02
   1.0471940e-02  3.0630290e-02
   1.3360450e-02  3.4808930e-02
   1.6556690e-02  3.9011030e-02
   2.0196480e-02  4.3357310e-02
   2.4199060e-02  4.7791360e-02
   2.8573430e-02  5.2229360e-02
   3.3380620e-02  5.6738060e-02
   3.8622200e-02  6.1342490e-02
   4.4271050e-02  6.5948700e-02
   5.0404130e-02  7.0584540e-02
   5.7016250e-02  7.5264910e-02
   6.4028790e-02  7.9884480e-02
   7.1453020e-02  8.4442240e-02
   7.9415150e-02  8.9005320e-02
   8.7811690e-02  9.3492460e-02
   9.6695390e-02  9.7885360e-02
   1.0606870e-01  1.0222390e-01
   1.1592070e-01  1.0641720e-01
   1.2633000e-01  1.1052270e-01
   1.3727720e-01  1.1449190e-01
   1.4865800e-01  1.1825830e-01
   1.6041640e-01  1.2182110e-01
   1.7260260e-01  1.2513450e-01
   1.8508400e-01  1.2820440e-01
   1.9801250e-01  1.3099620e-01
   2.1122690e-01  1.3348220e-01
   2.2481200e-01  1.3562910e-01
   2.3868900e-01  1.3742650e-01
   2.5294340e-01  1.3885190e-01
   2.6747890e-01  1.3991030e-01
   2.8239860e-01  1.4064190e-01
   2.9769760e-01  1.4103590e-01
   3.1328150e-01  1.4109980e-01
   3.2915310e-01  1.4086380e-01
   3.4521690e-01  1.4031880e-01
   3.6157410e-01  1.3947060e-01
   3.7822820e-01  1.3832190e-01
   3.9517630e-01  1.3689800e-01
   4.1252350e-01  1.3517330e-01
   4.3008050e-01  1.3316700e-01
   4.4803290e-01  1.3089100e-01
   4.6610650e-01  1.2835810e-01
   4.8448400e-01  1.2557800e-01
   5.0307160e-01  1.2256470e-01
   5.2188630e-01  1.1929790e-01
   5.4101060e-01  1.1579450e-01
   5.6054010e-01  1.1204330e-01
   5.8047530e-01  1.0804470e-01
   6.0063020e-01  1.0383080e-01
   6.2110030e-01  9.9390920e-02
   6.4186750e-01  9.4753470e-02
   6.6295260e-01  8.9897580e-02
   6.8452260e-01  8.4822330e-02
   7.0620750e-01  7.9596470e-02
   7.2819470e-01  7.4195970e-02
   7.5055630e-01  6.8634550e-02
   7.7301620e-01  6.2966480e-02
   7.9566790e-01  5.7181560e-02
   8.1851250e-01  5.1283810e-02
   8.4125510e-01  4.5363300e-02
   8.6367150e-01  3.9518010e-02
   8.8587760e-01  3.3713820e-02
   9.0807830e-01  2.7888880e-02
   9.3016160e-01  2.2088190e-02
   9.5181930e-01  1.6361630e-02
   9.7190320e-01  1.0923450e-02
   9.8771900e-01  6.4597290e-03
   1.0000000e+00  3.6026160e-03
</coords>
