<reference></reference><coords>
     1.000000   -0.003523
     0.991733   -0.002143
     0.982558   -0.000366
     0.973286    0.001012
     0.963987    0.002150
     0.954225    0.002943
     0.944179    0.003267
     0.933517    0.003236
     0.922252    0.002828
     0.910484    0.002034
     0.898307    0.000785
     0.885818   -0.000924
     0.873022   -0.003025
     0.859807   -0.005671
     0.846279   -0.008791
     0.832142   -0.012403
     0.817487   -0.016576
     0.802217   -0.021321
     0.786322   -0.026718
     0.769620   -0.032711
     0.752303   -0.039282
     0.734179   -0.046444
     0.715042   -0.054281
     0.694988   -0.062781
     0.673835   -0.071884
     0.652294   -0.081218
     0.631180   -0.090323
     0.611084   -0.098981
     0.592118   -0.107022
     0.573982   -0.114540
     0.556480   -0.121547
     0.539811   -0.127943
     0.523759   -0.133894
     0.508238   -0.139336
     0.492945   -0.144369
     0.478069   -0.148971
     0.463407   -0.153229
     0.448764   -0.157084
     0.434229   -0.160593
     0.419894   -0.163744
     0.405663   -0.166469
     0.391724   -0.168820
     0.378078   -0.170718
     0.364518   -0.172240
     0.350647   -0.173399
     0.336459   -0.174106
     0.321951   -0.174480
     0.307222   -0.174424
     0.292369   -0.173836
     0.277501   -0.172836
     0.262618   -0.171272
     0.247736   -0.169275
     0.233057   -0.166776
     0.218490   -0.163785
     0.204136   -0.160323
     0.190099   -0.156493
     0.176474   -0.152323
     0.163260   -0.147832
     0.150346   -0.142948
     0.137939   -0.137852
     0.126037   -0.132551
     0.114624   -0.126978
     0.103812   -0.121308
     0.093490   -0.115459
     0.083730   -0.109375
     0.074383   -0.103267
     0.065692   -0.097022
     0.057601   -0.090871
     0.050164   -0.084671
     0.043317   -0.078576
     0.037240   -0.072703
     0.031652   -0.066932
     0.026829   -0.061480
     0.022479   -0.056140
     0.018698   -0.051012
     0.015204   -0.045879
     0.012188   -0.040946
     0.009550   -0.036111
     0.007293   -0.031368
     0.005328   -0.026610
     0.003741   -0.021838
     0.002396   -0.017035
     0.001329   -0.012395
     0.000542   -0.007927
     0.000111   -0.003946
     0.000000   -0.000161
     0.000125    0.003606
     0.000514    0.007761
     0.001282    0.012285
     0.002398    0.017250
     0.003819    0.022353
     0.005461    0.027218
     0.007370    0.031865
     0.009643    0.036497
     0.012220    0.041200
     0.015275    0.046082
     0.018655    0.051121
     0.022487    0.056163
     0.026794    0.061293
     0.031514    0.066584
     0.036700    0.071875
     0.042443    0.077177
     0.048678    0.082559
     0.055376    0.087855
     0.062541    0.093065
     0.070283    0.098278
     0.078501    0.103399
     0.087277    0.108359
     0.096549    0.113299
     0.106376    0.117997
     0.116788    0.122599
     0.127776    0.127025
     0.139240    0.131186
     0.151095    0.135147
     0.163424    0.138763
     0.176051    0.142162
     0.189159    0.145207
     0.202562    0.147949
     0.216353    0.150313
     0.230442    0.152358
     0.244922    0.154014
     0.259696    0.155281
     0.274863    0.156239
     0.290423    0.156819
     0.306277    0.157026
     0.322427    0.156933
     0.338774    0.156474
     0.355419    0.155651
     0.372362    0.154466
     0.389604    0.152990
     0.407245    0.151150
     0.425090    0.148955
     0.443334    0.146472
     0.461685    0.143642
     0.480339    0.140532
     0.499196    0.137147
     0.518263    0.133417
     0.537635    0.129411
     0.557408    0.125124
     0.577584    0.120557
     0.597968    0.115721
     0.618657    0.110614
     0.639646    0.105307
     0.660941    0.099731
     0.682731    0.093947
     0.704627    0.087982
     0.726824    0.081827
     0.749412    0.075549
     0.772099    0.069169
     0.794983    0.062682
     0.818065    0.056090
     0.841045    0.049490
     0.863716    0.043044
     0.886183    0.036676
     0.908648    0.030300
     0.931006    0.023995
     0.952955    0.017842
     0.973307    0.012039
     0.989382    0.007365
     0.999999    0.004250
</coords>
