<reference>interp_403200</reference>
<coords>
   1.0000000e+00  0.0000000e+00
   1.0000000e+00 -2.0572540e-03
   9.9658020e-01 -2.2138370e-03
   9.8129750e-01  3.2898790e-04
   9.6643820e-01  3.0722220e-03
   9.5053330e-01  5.1684320e-03
   9.3358110e-01  6.7801630e-03
   9.1557000e-01  7.6804780e-03
   8.9648140e-01  7.8607660e-03
   8.7631350e-01  7.0717860e-03
   8.5505910e-01  5.2713850e-03
   8.3273050e-01  2.3887010e-03
   8.0934040e-01 -1.6886740e-03
   7.8491470e-01 -7.0453810e-03
   7.5947960e-01 -1.3640480e-02
   7.3325550e-01 -2.1377570e-02
   7.0701100e-01 -2.9842270e-02
   6.8079450e-01 -3.8763340e-02
   6.5458590e-01 -4.8019240e-02
   6.2837750e-01 -5.7456340e-02
   6.0211390e-01 -6.6804410e-02
   5.7578890e-01 -7.6021150e-02
   5.4936620e-01 -8.4854280e-02
   5.2289880e-01 -9.3314950e-02
   4.9634290e-01 -1.0123800e-01
   4.6972350e-01 -1.0849850e-01
   4.4309600e-01 -1.1501080e-01
   4.1646920e-01 -1.2062760e-01
   3.8990240e-01 -1.2530720e-01
   3.6346550e-01 -1.2901340e-01
   3.3715780e-01 -1.3166520e-01
   3.1097080e-01 -1.3306460e-01
   2.8486640e-01 -1.3318420e-01
   2.5871780e-01 -1.3197580e-01
   2.3327810e-01 -1.2938890e-01
   2.0899230e-01 -1.2568030e-01
   1.8588160e-01 -1.2098520e-01
   1.6396960e-01 -1.1544300e-01
   1.4327370e-01 -1.0923670e-01
   1.2383820e-01 -1.0241760e-01
   1.0566580e-01 -9.5110240e-02
   8.8841450e-02 -8.7410830e-02
   7.3329470e-02 -7.9469610e-02
   5.9183270e-02 -7.1346730e-02
   4.6491770e-02 -6.2988270e-02
   3.5278120e-02 -5.4533420e-02
   2.5615250e-02 -4.6079070e-02
   1.7530400e-02 -3.7677410e-02
   1.0919440e-02 -2.9559920e-02
   5.8685380e-03 -2.1627650e-02
   2.4342820e-03 -1.3825420e-02
   4.4870840e-04 -5.9224870e-03
   1.8468340e-04 -3.7832160e-03
   1.2069950e-07 -4.3898980e-05
   1.3875400e-03  9.9514900e-03
   4.4246500e-03  1.6866160e-02
   9.0528750e-03  2.3685930e-02
   1.5117780e-02  3.0723780e-02
   2.2544510e-02  3.7971210e-02
   3.1395270e-02  4.5281990e-02
   4.1536780e-02  5.2741380e-02
   5.3039870e-02  6.0210350e-02
   6.5904070e-02  6.7586900e-02
   8.0067250e-02  7.4944070e-02
   9.5549680e-02  8.2141920e-02
   1.1239460e-01  8.9096310e-02
   1.3053330e-01  9.5841590e-02
   1.5001110e-01  1.0223480e-01
   1.7082800e-01  1.0824230e-01
   1.9301640e-01  1.1368430e-01
   2.1651240e-01  1.1865640e-01
   2.4138940e-01  1.2281630e-01
   2.6754670e-01  1.2614800e-01
   2.9399520e-01  1.2846060e-01
   3.2048730e-01  1.2973910e-01
   3.4700780e-01  1.3003490e-01
   3.7356190e-01  1.2928870e-01
   4.0012640e-01  1.2775690e-01
   4.2668360e-01  1.2551020e-01
   4.5325510e-01  1.2270950e-01
   4.7981460e-01  1.1930850e-01
   5.0635900e-01  1.1545200e-01
   5.3291430e-01  1.1123050e-01
   5.5945950e-01  1.0660240e-01
   5.8599810e-01  1.0169930e-01
   6.1254730e-01  9.6529270e-02
   6.3907720e-01  9.1022660e-02
   6.6560180e-01  8.5325130e-02
   6.9213710e-01  7.9441490e-02
   7.1867450e-01  7.3401520e-02
   7.4520780e-01  6.7249200e-02
   7.7136520e-01  6.1069610e-02
   7.9647700e-01  5.5034870e-02
   8.2054210e-01  4.9162260e-02
   8.4356500e-01  4.3455600e-02
   8.6555030e-01  3.7995550e-02
   8.8648500e-01  3.2746340e-02
   9.0638430e-01  2.7730860e-02
   9.2524840e-01  2.2955140e-02
   9.4307110e-01  1.8426060e-02
   9.5984170e-01  1.4057230e-02
   9.7565440e-01  9.9408050e-03
   9.9035840e-01  5.8650890e-03
   9.9445510e-01  5.3229370e-03
   9.9799170e-01  4.4313950e-03
   1.0000000e+00  2.5711520e-03
</coords>
