<reference></reference><coords>
     1.000000    0.000000
     0.999039   -0.001638
     0.995642   -0.001279
     0.981441    0.000964
     0.966369    0.003563
     0.950256    0.005410
     0.933106    0.006559
     0.914907    0.006921
     0.895644    0.006482
     0.875321    0.005073
     0.853929    0.002636
     0.831480   -0.000895
     0.807976   -0.005579
     0.783431   -0.011469
     0.757862   -0.018526
     0.731476   -0.026628
     0.705046   -0.035368
     0.678636   -0.044533
     0.652224   -0.054006
     0.625812   -0.063657
     0.599374   -0.073302
     0.572898   -0.082883
     0.546369   -0.092218
     0.519821   -0.101270
     0.493221   -0.109922
     0.466587   -0.118055
     0.439952   -0.125539
     0.413314   -0.132220
     0.386708   -0.137988
     0.360178   -0.142680
     0.333712   -0.146114
     0.307310   -0.148048
     0.280959   -0.148309
     0.254579   -0.146765
     0.228987   -0.143415
     0.204662   -0.138622
     0.181621   -0.132683
     0.159871   -0.125836
     0.139422   -0.118297
     0.120302   -0.110170
     0.102503   -0.101598
     0.086085   -0.092726
     0.071015   -0.083680
     0.057331   -0.074546
     0.045075   -0.065338
     0.034262   -0.056182
     0.024933   -0.047192
     0.017099   -0.038410
     0.010705   -0.029998
     0.005796   -0.021870
     0.002408   -0.013955
     0.000444   -0.005959
     0.000182   -0.003799
     0.000000   -0.000024
     0.001319    0.010018
     0.004170    0.017039
     0.008524    0.024057
     0.014302    0.031355
     0.021459    0.038896
     0.030029    0.046565
     0.039939    0.054367
     0.051233    0.062195
     0.063905    0.069952
     0.077927    0.077643
     0.093301    0.085149
     0.110064    0.092395
     0.128164    0.099356
     0.147631    0.105916
     0.168470    0.112013
     0.190698    0.117498
     0.214270    0.122350
     0.239237    0.126287
     0.265497    0.129208
     0.292039    0.131017
     0.318604    0.131795
     0.345181    0.131646
     0.371779    0.130591
     0.398384    0.128809
     0.424981    0.126371
     0.451589    0.123394
     0.478191    0.119889
     0.504781    0.115952
     0.531380    0.111650
     0.557975    0.106979
     0.584562    0.102023
     0.611158    0.096801
     0.637745    0.091287
     0.664324    0.085570
     0.690913    0.079666
     0.717503    0.073601
     0.744086    0.067411
     0.770292    0.061191
     0.795450    0.055119
     0.819561    0.049213
     0.842630    0.043488
     0.864657    0.037997
     0.885634    0.032729
     0.905573    0.027695
     0.924476    0.022907
     0.942333    0.018355
     0.959139    0.013980
     0.974919    0.009785
     0.989643    0.005697
     0.993162    0.004708
     0.996611    0.003742
     0.999999    0.002800
</coords>