<reference>interp_529200</reference>
<coords>
   1.0000000e+00  0.0000000e+00
   1.0000000e+00 -1.0291320e-03
   9.9063610e-01 -6.9737720e-04
   9.8065550e-01  6.6252410e-04
   9.7078580e-01  2.0830380e-03
   9.6091140e-01  3.4074930e-03
   9.5105590e-01  4.6618020e-03
   9.4121500e-01  5.7865290e-03
   9.3138450e-01  6.7835240e-03
   9.2156360e-01  7.6186050e-03
   9.1174400e-01  8.3104260e-03
   9.0192320e-01  8.8539140e-03
   8.7735340e-01  9.4537050e-03
   8.5272530e-01  8.9816690e-03
   8.2802050e-01  7.4374550e-03
   8.0322120e-01  4.8109940e-03
   7.7832840e-01  1.1097820e-03
   7.5336330e-01 -3.5658590e-03
   7.2832380e-01 -9.0720020e-03
   7.0325080e-01 -1.5214950e-02
   6.7816880e-01 -2.1833550e-02
   6.5308010e-01 -2.8801380e-02
   6.2800550e-01 -3.5947730e-02
   6.0298840e-01 -4.3072010e-02
   5.7800510e-01 -5.0087310e-02
   5.5310260e-01 -5.6831890e-02
   5.2824280e-01 -6.3287090e-02
   5.0344910e-01 -6.9338070e-02
   4.7871900e-01 -7.4894700e-02
   4.5403730e-01 -7.9923320e-02
   4.4418150e-01 -8.1767950e-02
   4.3432900e-01 -8.3526080e-02
   4.2449160e-01 -8.5168120e-02
   4.1465560e-01 -8.6719300e-02
   4.0482090e-01 -8.8179260e-02
   3.9499690e-01 -8.9520400e-02
   3.8516400e-01 -9.0795890e-02
   3.7534760e-01 -9.1924550e-02
   3.6552340e-01 -9.2986710e-02
   3.5570470e-01 -9.3925330e-02
   3.4588440e-01 -9.4765270e-02
   3.3606670e-01 -9.5481210e-02
   3.2624620e-01 -9.6093110e-02
   3.1642500e-01 -9.6572980e-02
   3.0660030e-01 -9.6942880e-02
   2.9677210e-01 -9.7175910e-02
   2.8694010e-01 -9.7292310e-02
   2.7710220e-01 -9.7265530e-02
   2.6726070e-01 -9.7118470e-02
   2.5741140e-01 -9.6826500e-02
   2.4755250e-01 -9.6388500e-02
   2.3769010e-01 -9.5828990e-02
   2.2781670e-01 -9.5117090e-02
   2.1793080e-01 -9.4252990e-02
   2.0803130e-01 -9.3232610e-02
   1.9812940e-01 -9.2081580e-02
   1.8819920e-01 -9.0742460e-02
   1.7826810e-01 -8.9263590e-02
   1.6830520e-01 -8.7586200e-02
   1.5834330e-01 -8.5761040e-02
   1.4834680e-01 -8.3728120e-02
   1.3833410e-01 -8.1509960e-02
   1.2828450e-01 -7.9067840e-02
   1.1822090e-01 -7.6422170e-02
   1.0809660e-01 -7.3497630e-02
   1.0303760e-01 -7.1957560e-02
   9.7963880e-02 -7.0342180e-02
   9.2875170e-02 -6.8649940e-02
   8.7801120e-02 -6.6909320e-02
   8.2684870e-02 -6.5049710e-02
   7.7555760e-02 -6.3101770e-02
   7.2445910e-02 -6.1098320e-02
   6.7294980e-02 -5.8960640e-02
   6.2103030e-02 -5.6680380e-02
   5.6907360e-02 -5.4285130e-02
   5.1676080e-02 -5.1727130e-02
   4.6413910e-02 -4.8992280e-02
   4.1090000e-02 -4.6018590e-02
   3.5713660e-02 -4.2780790e-02
   3.0300130e-02 -3.9248570e-02
   2.4748200e-02 -3.5225560e-02
   2.1961830e-02 -3.3051980e-02
   1.9133470e-02 -3.0703380e-02
   1.6272630e-02 -2.8165700e-02
   1.3392890e-02 -2.5422180e-02
   1.2169430e-02 -2.4153530e-02
   1.1007020e-02 -2.2932600e-02
   9.7786910e-03 -2.1554850e-02
   8.5342800e-03 -2.0080440e-02
   7.2382680e-03 -1.8429660e-02
   5.9473760e-03 -1.6663610e-02
   4.5645850e-03 -1.4531280e-02
   3.1401240e-03 -1.1995830e-02
   2.7558700e-03 -1.1251000e-02
   2.3891910e-03 -1.0428900e-02
   2.0098170e-03 -9.5077430e-03
   1.6212430e-03 -8.5594440e-03
   1.2408320e-03 -7.4311990e-03
   8.2807790e-04 -6.0873650e-03
   6.5817680e-04 -5.4145960e-03
   4.8656270e-04 -4.6419420e-03
   3.3517520e-04 -3.8644950e-03
   1.6336250e-04 -2.6939670e-03
   6.9580940e-08 -4.3469970e-05
   1.5320190e-04  2.6405460e-03
   3.0081700e-04  3.7298820e-03
   4.3727040e-04  4.5205850e-03
   5.9133620e-04  5.3077030e-03
   7.2592330e-04  5.8978300e-03
   1.1011170e-03  7.2722090e-03
   1.4241440e-03  8.3347170e-03
   1.7595550e-03  9.2173680e-03
   2.0548060e-03  9.9811270e-03
   2.3653100e-03  1.0738060e-02
   2.6635540e-03  1.1335830e-02
   3.8138370e-03  1.3549720e-02
   4.8716450e-03  1.5305350e-02
   5.9435530e-03  1.6949810e-02
   6.9807880e-03  1.8414360e-02
   8.0101510e-03  1.9783320e-02
   9.0254670e-03  2.1062170e-02
   1.0060990e-02  2.2324470e-02
   1.1076390e-02  2.3502480e-02
   1.3639130e-02  2.6324100e-02
   1.6160190e-02  2.8881480e-02
   1.8662390e-02  3.1257250e-02
   2.1211370e-02  3.3582300e-02
   2.6235790e-02  3.7809100e-02
   3.1231750e-02  4.1669120e-02
   3.6247800e-02  4.5301090e-02
   4.1268590e-02  4.8723840e-02
   4.6283320e-02  5.1953180e-02
   5.1284060e-02  5.5002860e-02
   5.6298420e-02  5.7928340e-02
   6.1288790e-02  6.0694220e-02
   6.6283480e-02  6.3351600e-02
   7.1279750e-02  6.5905070e-02
   7.6305320e-02  6.8399730e-02
   8.1297530e-02  7.0759740e-02
   8.6285240e-02  7.3028870e-02
   9.1295050e-02  7.5248340e-02
   9.6297220e-02  7.7383110e-02
   1.0129090e-01  7.9436450e-02
   1.1127750e-01  8.3342390e-02
   1.2127310e-01  8.7020490e-02
   1.3127270e-01  9.0481490e-02
   1.4125010e-01  9.3702450e-02
   1.5124700e-01  9.6757670e-02
   1.6123850e-01  9.9624260e-02
   1.7122300e-01  1.0230850e-01
   1.8120060e-01  1.0481380e-01
   1.9117080e-01  1.0714460e-01
   2.0114990e-01  1.0933290e-01
   2.1113600e-01  1.1138170e-01
   2.2111390e-01  1.1326110e-01
   2.3108330e-01  1.1497850e-01
   2.4105690e-01  1.1656480e-01
   2.5102310e-01  1.1799090e-01
   2.6099280e-01  1.1928490e-01
   2.7096540e-01  1.2044520e-01
   2.8093160e-01  1.2144490e-01
   2.9089990e-01  1.2230940e-01
   3.0086330e-01  1.2301130e-01
   3.1082770e-01  1.2357610e-01
   3.2078820e-01  1.2397940e-01
   3.3074880e-01  1.2424170e-01
   3.4070650e-01  1.2433270e-01
   3.5066290e-01  1.2428360e-01
   3.6061750e-01  1.2407900e-01
   3.7057220e-01  1.2372990e-01
   3.8052330e-01  1.2329730e-01
   3.9047620e-01  1.2273490e-01
   4.0042860e-01  1.2207620e-01
   4.1038100e-01  1.2132440e-01
   4.2033360e-01  1.2048320e-01
   4.3028700e-01  1.1955470e-01
   4.5019000e-01  1.1746860e-01
   4.9996720e-01  1.1096100e-01
   5.4975360e-01  1.0302360e-01
   5.9955750e-01  9.3984520e-02
   6.4940620e-01  8.4061510e-02
   6.9927270e-01  7.3504080e-02
   7.4915390e-01  6.2497970e-02
   7.9903470e-01  5.1076980e-02
   8.4892950e-01  3.9300100e-02
   8.9881010e-01  2.7267600e-02
   9.1876090e-01  2.2420910e-02
   9.3869370e-01  1.7501710e-02
   9.5875380e-01  1.2619290e-02
   9.7837850e-01  7.2988760e-03
   1.0000000e+00  3.0336950e-03
</coords>
