<reference>interp_113400</reference>
<coords>
   1.0000000e+00 -7.1293680e-02
   9.8694110e-01 -1.0674920e-01
   9.5525780e-01 -1.3225970e-01
   9.3453520e-01 -1.4066450e-01
   8.8989090e-01 -1.5299380e-01
   8.4470280e-01 -1.6643000e-01
   7.9958910e-01 -1.7877260e-01
   7.5432450e-01 -1.9067640e-01
   7.0914530e-01 -2.0119480e-01
   6.6348810e-01 -2.0932980e-01
   6.1790430e-01 -2.1527290e-01
   5.7246650e-01 -2.1925890e-01
   5.2758170e-01 -2.2113160e-01
   4.8339450e-01 -2.2188820e-01
   4.4010220e-01 -2.2037090e-01
   3.9795570e-01 -2.1816510e-01
   3.5707910e-01 -2.1409990e-01
   3.1773730e-01 -2.0962980e-01
   2.8000590e-01 -2.0368270e-01
   2.4420020e-01 -1.9734830e-01
   2.1021710e-01 -1.8993540e-01
   1.7856790e-01 -1.8212260e-01
   1.4888780e-01 -1.7356220e-01
   1.2196800e-01 -1.6465580e-01
   9.7109890e-02 -1.5522550e-01
   7.5319140e-02 -1.4572450e-01
   5.5658930e-02 -1.3546830e-01
   3.9349890e-02 -1.2564560e-01
   2.5210840e-02 -1.1448120e-01
   1.4404170e-02 -1.0358680e-01
   6.2205030e-03 -8.9322190e-02
   1.5842750e-03 -7.8573780e-02
   2.3688820e-05 -5.5660380e-02
   2.0069040e-03 -2.6406390e-02
   6.7864620e-03 -8.9585780e-03
   1.4987410e-02  1.1079050e-02
   2.5407140e-02  2.9184820e-02
   3.9251390e-02  4.9960310e-02
   5.5278330e-02  6.9920260e-02
   7.4723440e-02  9.1198830e-02
   9.6224130e-02  1.1132290e-01
   1.2092210e-01  1.3129420e-01
   1.4746480e-01  1.4974430e-01
   1.7693590e-01  1.6709100e-01
   2.0811610e-01  1.8235100e-01
   2.4168270e-01  1.9582600e-01
   2.7685870e-01  2.0668860e-01
   3.1393190e-01  2.1508730e-01
   3.5233650e-01  2.2001030e-01
   3.9208450e-01  2.2196450e-01
   4.3274560e-01  2.1969760e-01
   4.7424140e-01  2.1411020e-01
   5.1657620e-01  2.0474140e-01
   5.5989200e-01  1.9354150e-01
   6.0391840e-01  1.8028880e-01
   6.4836480e-01  1.6690890e-01
   6.9305060e-01  1.5229150e-01
   7.3771450e-01  1.3793620e-01
   7.8228770e-01  1.2273100e-01
   8.2635970e-01  1.0792970e-01
   8.7009860e-01  9.2901150e-02
   9.1299490e-01  7.8420120e-02
   9.3348120e-01  7.1690570e-02
   9.6185390e-01  4.2492990e-02
   9.9135040e-01  3.0715860e-03
   9.9999990e-01 -4.7629450e-02
</coords>
