<reference>interp_264600</reference>
<coords>
   1.0000000e+00  0.0000000e+00
   1.0000000e+00 -3.5674160e-03
   9.8979780e-01 -1.0666210e-03
   9.8083800e-01  4.2636400e-04
   9.7150330e-01  1.8855020e-03
   9.6223570e-01  3.0014360e-03
   9.5253900e-01  3.7385920e-03
   9.4253540e-01  4.0834800e-03
   9.3191740e-01  4.0981100e-03
   9.2070280e-01  3.7492400e-03
   9.0898480e-01  3.0320410e-03
   8.9685240e-01  1.8926860e-03
   8.8440330e-01  3.2389990e-04
   8.7164410e-01 -1.6308220e-03
   8.5845700e-01 -4.0897360e-03
   8.4494840e-01 -7.0022470e-03
   8.3082740e-01 -1.0396470e-02
   8.1617760e-01 -1.4320290e-02
   8.0090370e-01 -1.8794720e-02
   7.8499120e-01 -2.3883910e-02
   7.6826760e-01 -2.9559830e-02
   7.5092050e-01 -3.5794270e-02
   7.3276060e-01 -4.2605310e-02
   7.1358130e-01 -5.0069620e-02
   6.9347400e-01 -5.8168960e-02
   6.7227030e-01 -6.6866500e-02
   6.5068590e-01 -7.5811000e-02
   6.2954510e-01 -8.4571370e-02
   6.0942980e-01 -9.2918590e-02
   5.9046240e-01 -1.0070330e-01
   5.7234130e-01 -1.0801520e-01
   5.5487550e-01 -1.1487420e-01
   5.3826140e-01 -1.2118290e-01
   5.2227590e-01 -1.2708310e-01
   5.0683890e-01 -1.3253480e-01
   4.9164810e-01 -1.3763810e-01
   4.7688570e-01 -1.4235660e-01
   4.6234320e-01 -1.4676830e-01
   4.4783440e-01 -1.5083960e-01
   4.3343600e-01 -1.5460100e-01
   4.1923830e-01 -1.5803100e-01
   4.0514730e-01 -1.6108510e-01
   3.9134270e-01 -1.6378080e-01
   3.7782320e-01 -1.6605330e-01
   3.6438240e-01 -1.6796460e-01
   3.5062210e-01 -1.6953560e-01
   3.3653530e-01 -1.7068470e-01
   3.2211660e-01 -1.7147780e-01
   3.0746310e-01 -1.7181630e-01
   2.9267220e-01 -1.7160110e-01
   2.7785750e-01 -1.7090020e-01
   2.6301980e-01 -1.6959250e-01
   2.4818590e-01 -1.6776370e-01
   2.3355960e-01 -1.6536930e-01
   2.1905220e-01 -1.6242560e-01
   2.0476620e-01 -1.5897070e-01
   1.9080850e-01 -1.5510560e-01
   1.7727130e-01 -1.5087860e-01
   1.6414870e-01 -1.4631890e-01
   1.5132660e-01 -1.4137460e-01
   1.3901570e-01 -1.3621030e-01
   1.2721090e-01 -1.3084140e-01
   1.1588780e-01 -1.2522120e-01
   1.0516380e-01 -1.1950560e-01
   9.4921060e-02 -1.1362860e-01
   8.5213630e-02 -1.0755990e-01
   7.5928400e-02 -1.0145340e-01
   6.7266780e-02 -9.5251810e-02
   5.9204440e-02 -8.9141180e-02
   5.1764600e-02 -8.3015540e-02
   4.4905210e-02 -7.6998110e-02
   3.8793850e-02 -7.1217670e-02
   3.3162680e-02 -6.5541500e-02
   2.8271820e-02 -6.0197890e-02
   2.3835950e-02 -5.4973020e-02
   1.9945010e-02 -4.9966410e-02
   1.6333940e-02 -4.4954230e-02
   1.3183580e-02 -4.0141040e-02
   1.0396500e-02 -3.5423030e-02
   7.9758000e-03 -3.0792510e-02
   5.8440130e-03 -2.6137220e-02
   4.0735130e-03 -2.1459970e-02
   2.5731320e-03 -1.6729860e-02
   1.4016950e-03 -1.2137780e-02
   5.6347410e-04 -7.7002440e-03
   1.1610980e-04 -3.7393660e-03
   5.9918510e-07  2.6383930e-05
   1.4457800e-04  3.7673680e-03
   5.9359020e-04  7.8867130e-03
   1.4761340e-03  1.2354530e-02
   2.8035870e-03  1.7224030e-02
   4.5054380e-03  2.2188480e-02
   6.4416430e-03  2.6890380e-02
   8.6212580e-03  3.1363470e-02
   1.1141810e-02  3.5810620e-02
   1.3967230e-02  4.0309720e-02
   1.7257210e-02  4.4973770e-02
   2.0886600e-02  4.9767370e-02
   2.4935510e-02  5.4563460e-02
   2.9442240e-02  5.9441140e-02
   3.4370560e-02  6.4453370e-02
   3.9740670e-02  6.9466720e-02
   4.5638100e-02  7.4498660e-02
   5.2022370e-02  7.9595790e-02
   5.8844130e-02  8.4617520e-02
   6.6110460e-02  8.9563230e-02
   7.3937790e-02  9.4512280e-02
   8.2223950e-02  9.9376440e-02
   9.1039270e-02  1.0410700e-01
   1.0034810e-01  1.0880340e-01
   1.1018070e-01  1.1329700e-01
   1.2058660e-01  1.1769820e-01
   1.3155340e-01  1.2193940e-01
   1.4297860e-01  1.2594170e-01
   1.5478970e-01  1.2974160e-01
   1.6705550e-01  1.3323620e-01
   1.7961830e-01  1.3650340e-01
   1.9264780e-01  1.3944710e-01
   2.0596850e-01  1.4208730e-01
   2.1967080e-01  1.4436560e-01
   2.3366800e-01  1.4631280e-01
   2.4805110e-01  1.4787770e-01
   2.6272230e-01  1.4906320e-01
   2.7778350e-01  1.4993190e-01
   2.9323180e-01  1.5043980e-01
   3.0897060e-01  1.5059160e-01
   3.2500160e-01  1.5044350e-01
   3.4122780e-01  1.4995250e-01
   3.5774980e-01  1.4912220e-01
   3.7456990e-01  1.4795440e-01
   3.9168620e-01  1.4650220e-01
   4.0920190e-01  1.4471220e-01
   4.2692380e-01  1.4259660e-01
   4.4504290e-01  1.4020000e-01
   4.6327520e-01  1.3749330e-01
   4.8181000e-01  1.3451960e-01
   5.0055110e-01  1.3128790e-01
   5.1950910e-01  1.2774820e-01
   5.3877330e-01  1.2394830e-01
   5.5844070e-01  1.1988120e-01
   5.7851170e-01  1.1554700e-01
   5.9879510e-01  1.1096610e-01
   6.1938800e-01  1.0613160e-01
   6.4027910e-01  1.0109860e-01
   6.6148140e-01  9.5816870e-02
   6.8317410e-01  9.0322960e-02
   7.0497640e-01  8.4660050e-02
   7.2708000e-01  7.8813070e-02
   7.4956760e-01  7.2827840e-02
   7.7215400e-01  6.6738440e-02
   7.9493540e-01  6.0538460e-02
   8.1791230e-01  5.4230420e-02
   8.4078790e-01  4.7908090e-02
   8.6334710e-01  4.1707440e-02
   8.8569980e-01  3.5569800e-02
   9.0804920e-01  2.9419140e-02
   9.3028750e-01  2.3320930e-02
   9.5210990e-01  1.7343700e-02
   9.7234870e-01  1.1696390e-02
   9.8830750e-01  7.1075030e-03
   1.0000000e+00  4.1227580e-03
</coords>
