<reference></reference>
<coords>
     1.000000   -0.045916
     0.986252   -0.065340
     0.958170   -0.068897
     0.928411   -0.073808
     0.897144   -0.080511
     0.864589   -0.088563
     0.830874   -0.098326
     0.796226   -0.109207
     0.760692   -0.121491
     0.724489   -0.134074
     0.687713   -0.147090
     0.650639   -0.157954
     0.613294   -0.167899
     0.575804   -0.175751
     0.538190   -0.182692
     0.500603   -0.187762
     0.463160   -0.191699
     0.426070   -0.193360
     0.389500   -0.193859
     0.353650   -0.192335
     0.318749   -0.189928
     0.284942   -0.185836
     0.252446   -0.181166
     0.221382   -0.175041
     0.191944   -0.168621
     0.164200   -0.160844
     0.138370   -0.153079
     0.114465   -0.144023
     0.092768   -0.135274
     0.073148   -0.125390
     0.055901   -0.116200
     0.040853   -0.105756
     0.028307   -0.096508
     0.017996   -0.085730
     0.010151   -0.075916
     0.004470   -0.063473
     0.001219   -0.054399
     0.000071   -0.035636
     0.002054   -0.011451
     0.006110    0.002906
     0.012827    0.019518
     0.021713    0.034292
     0.033316    0.051332
     0.047121    0.067281
     0.063486    0.084476
     0.081887    0.100239
     0.102548    0.116204
     0.125005    0.130429
     0.149441    0.144321
     0.175460    0.156147
     0.203152    0.167069
     0.232237    0.175791
     0.262713    0.183176
     0.294377    0.187990
     0.327172    0.191017
     0.360950    0.191127
     0.395641    0.189182
     0.431180    0.183866
     0.467419    0.176311
     0.504236    0.166830
     0.541316    0.156876
     0.578598    0.145842
     0.615816    0.134830
     0.652917    0.122965
     0.689639    0.111515
     0.725924    0.099391
     0.761536    0.087783
     0.796399    0.076008
     0.830280    0.064930
     0.863099    0.054073
     0.894665    0.044122
     0.924874    0.034578
     0.953566    0.025956
     0.968826    0.018641
     0.985457    0.003495
     0.999999   -0.032298
</coords>