<reference>interp_340200</reference>
<coords>
   1.0000000e+00  0.0000000e+00
   1.0000000e+00 -2.4032530e-03
   9.9659720e-01 -1.6693080e-03
   9.8220170e-01  1.4501230e-03
   9.6697240e-01  3.9087940e-03
   9.5069370e-01  5.5237280e-03
   9.3336540e-01  6.3040820e-03
   9.1499440e-01  6.2359220e-03
   8.9556950e-01  5.2931200e-03
   8.7509920e-01  3.3838570e-03
   8.5357360e-01  4.2659420e-04
   8.3100330e-01 -3.6359040e-03
   8.0738130e-01 -8.8151810e-03
   7.8271140e-01 -1.5142920e-02
   7.5700570e-01 -2.2580710e-02
   7.3045870e-01 -3.0981810e-02
   7.0384870e-01 -3.9953640e-02
   6.7725110e-01 -4.9327390e-02
   6.5064620e-01 -5.8988870e-02
   6.2404120e-01 -6.8829660e-02
   5.9743710e-01 -7.8738660e-02
   5.7081570e-01 -8.8643760e-02
   5.4418050e-01 -9.8423510e-02
   5.1754760e-01 -1.0799440e-01
   4.9089370e-01 -1.1728770e-01
   4.6423090e-01 -1.2618350e-01
   4.3757540e-01 -1.3451850e-01
   4.1091150e-01 -1.4212860e-01
   3.8425610e-01 -1.4884380e-01
   3.5762750e-01 -1.5439080e-01
   3.3100850e-01 -1.5851020e-01
   3.0440660e-01 -1.6091440e-01
   2.7782490e-01 -1.6130410e-01
   2.5122830e-01 -1.5948000e-01
   2.2548770e-01 -1.5548150e-01
   2.0111240e-01 -1.4976320e-01
   1.7811400e-01 -1.4276060e-01
   1.5648720e-01 -1.3479680e-01
   1.3623450e-01 -1.2611310e-01
   1.1737070e-01 -1.1686370e-01
   9.9879090e-02 -1.0720610e-01
   8.3797290e-02 -9.7326700e-02
   6.9094570e-02 -8.7330700e-02
   5.5795610e-02 -7.7326290e-02
   4.3904360e-02 -6.7384910e-02
   3.3424080e-02 -5.7624960e-02
   2.4373640e-02 -4.8171780e-02
   1.6748280e-02 -3.9059350e-02
   1.0533330e-02 -3.0391600e-02
   5.7409290e-03 -2.2091860e-02
   2.3876480e-03 -1.4075060e-02
   4.4122700e-04 -5.9942330e-03
   1.8065990e-04 -3.8148170e-03
   1.7006660e-08 -6.1854040e-06
   1.2607890e-03  1.0080790e-02
   3.9567420e-03  1.7196780e-02
   8.0796230e-03  2.4387870e-02
   1.3616260e-02  3.1912100e-02
   2.0547530e-02  3.9707270e-02
   2.8882170e-02  4.7686620e-02
   3.8601430e-02  5.5786560e-02
   4.9723860e-02  6.3925650e-02
   6.2240810e-02  7.2011350e-02
   7.6152120e-02  7.9989500e-02
   9.1443460e-02  8.7763070e-02
   1.0814670e-01  9.5260080e-02
   1.2622640e-01  1.0240720e-01
   1.4569750e-01  1.0911210e-01
   1.6656860e-01  1.1528490e-01
   1.8884430e-01  1.2080600e-01
   2.1249840e-01  1.2555290e-01
   2.3755830e-01  1.2929360e-01
   2.6392410e-01  1.3185930e-01
   2.9056290e-01  1.3322890e-01
   3.1720790e-01  1.3357150e-01
   3.4384820e-01  1.3303070e-01
   3.7050190e-01  1.3170220e-01
   3.9715700e-01  1.2969510e-01
   4.2380250e-01  1.2708390e-01
   4.5045860e-01  1.2394960e-01
   4.7711310e-01  1.2034410e-01
   5.0375680e-01  1.1633170e-01
   5.3040980e-01  1.1195340e-01
   5.5706300e-01  1.0723780e-01
   5.8370590e-01  1.0223000e-01
   6.1035890e-01  9.6955150e-02
   6.3700920e-01  9.1426730e-02
   6.6365010e-01  8.5688420e-02
   6.9030110e-01  7.9759800e-02
   7.1695240e-01  7.3667390e-02
   7.4359460e-01  6.7440610e-02
   7.6985730e-01  6.1179910e-02
   7.9507070e-01  5.5069350e-02
   8.1923450e-01  4.9130250e-02
   8.4235800e-01  4.3384640e-02
   8.6443320e-01  3.7862780e-02
   8.8545840e-01  3.2574230e-02
   9.0544420e-01  2.7523080e-02
   9.2439070e-01  2.2714470e-02
   9.4228840e-01  1.8141650e-02
   9.5913580e-01  1.3758920e-02
   9.7495470e-01  9.5320410e-03
   9.8971550e-01  5.4346040e-03
   9.9332530e-01  4.5051290e-03
   9.9679610e-01  3.5470430e-03
   1.0000000e+00  2.4756610e-03
</coords>
