<reference>interp_441000</reference>
<coords>
   1.0000000e+00  0.0000000e+00
   1.0000000e+00 -1.0039360e-03
   9.9008590e-01 -9.5911110e-04
   9.8008860e-01  8.9517020e-05
   9.7010620e-01  2.0977080e-03
   9.6012310e-01  3.5739890e-03
   9.5014270e-01  5.0407930e-03
   9.4016420e-01  6.2306220e-03
   9.3018710e-01  7.2302160e-03
   9.2021130e-01  7.9484680e-03
   9.1023560e-01  8.4743860e-03
   9.0025990e-01  8.8072850e-03
   8.7531800e-01  8.5423710e-03
   8.5036820e-01  6.9217990e-03
   8.2540810e-01  4.0320100e-03
   8.0043520e-01 -1.2835840e-04
   7.7544970e-01 -5.4718030e-03
   7.5045440e-01 -1.1811790e-02
   7.2544910e-01 -1.9042390e-02
   7.0043920e-01 -2.6877970e-02
   6.7542820e-01 -3.5123760e-02
   6.5041620e-01 -4.3676210e-02
   6.2540610e-01 -5.2339260e-02
   6.0040380e-01 -6.0826360e-02
   5.7540600e-01 -6.9125750e-02
   5.5041920e-01 -7.6956130e-02
   5.2543820e-01 -8.4401450e-02
   5.0046600e-01 -9.1273220e-02
   4.7550250e-01 -9.7472780e-02
   4.5054550e-01 -1.0299560e-01
   4.4056500e-01 -1.0497460e-01
   4.3058490e-01 -1.0685540e-01
   4.2060690e-01 -1.0854760e-01
   4.1062900e-01 -1.1014100e-01
   4.0065140e-01 -1.1163560e-01
   3.9067520e-01 -1.1294110e-01
   3.8069770e-01 -1.1423780e-01
   3.7072250e-01 -1.1525520e-01
   3.6074630e-01 -1.1626360e-01
   3.5077080e-01 -1.1708230e-01
   3.4079510e-01 -1.1780120e-01
   3.3081970e-01 -1.1833040e-01
   3.2084400e-01 -1.1875910e-01
   3.1086810e-01 -1.1899690e-01
   3.0089180e-01 -1.1913330e-01
   2.9091500e-01 -1.1907830e-01
   2.8093770e-01 -1.1892110e-01
   2.7095960e-01 -1.1857150e-01
   2.6098100e-01 -1.1811920e-01
   2.5100140e-01 -1.1747430e-01
   2.4102050e-01 -1.1663680e-01
   2.3103900e-01 -1.1569630e-01
   2.2105620e-01 -1.1456220e-01
   2.1107160e-01 -1.1323460e-01
   2.0108510e-01 -1.1171290e-01
   1.9109840e-01 -1.1008710e-01
   1.8110780e-01 -1.0817640e-01
   1.7111710e-01 -1.0616030e-01
   1.6112220e-01 -1.0385800e-01
   1.5112730e-01 -1.0144920e-01
   1.4112780e-01 -9.8752800e-02
   1.3112610e-01 -9.5858440e-02
   1.2111940e-01 -9.2674350e-02
   1.1111080e-01 -8.9289780e-02
   1.0109400e-01 -8.5521580e-02
   9.6086000e-02 -8.3583720e-02
   9.1076040e-02 -8.1549200e-02
   8.6064050e-02 -7.9417810e-02
   8.1054050e-02 -7.7279880e-02
   7.6038340e-02 -7.4952890e-02
   7.1020900e-02 -7.2527480e-02
   6.6006050e-02 -7.0094580e-02
   6.0985660e-02 -6.7470550e-02
   5.5959730e-02 -6.4654290e-02
   5.0933290e-02 -6.1736000e-02
   4.5902040e-02 -5.8622740e-02
   4.0866620e-02 -5.5312620e-02
   3.5822850e-02 -5.1710750e-02
   3.0772000e-02 -4.7813740e-02
   2.5716130e-02 -4.3617480e-02
   2.0641550e-02 -3.8835970e-02
   1.8102860e-02 -3.6293590e-02
   1.5558490e-02 -3.3554580e-02
   1.3009740e-02 -3.0617040e-02
   1.0458430e-02 -2.7478720e-02
   9.4282380e-03 -2.6009980e-02
   8.4062950e-03 -2.4634170e-02
   7.3754430e-03 -2.3064200e-02
   6.3424190e-03 -2.1394680e-02
   5.3024240e-03 -1.9528360e-02
   4.2631200e-03 -1.7559970e-02
   3.2113990e-03 -1.5196130e-02
   2.1540480e-03 -1.2431880e-02
   1.8426640e-03 -1.1639330e-02
   1.6201430e-03 -1.0749860e-02
   1.3959070e-03 -9.7605120e-03
   1.0839390e-03 -8.7674970e-03
   8.5956310e-04 -7.5771920e-03
   5.4432830e-04 -6.1847810e-03
   4.3488360e-04 -5.4884610e-03
   3.2520740e-04 -4.6921550e-03
   2.1826420e-04 -3.8952030e-03
   1.0856120e-04 -2.6991850e-03
   9.4014370e-09 -5.8734500e-06
   1.0718840e-04  2.6919670e-03
   2.1362190e-04  3.7905260e-03
   3.1854730e-04  4.5892700e-03
   4.2585240e-04  5.3875290e-03
   5.3052570e-04  5.9861950e-03
   8.4068540e-04  7.3827340e-03
   1.0573080e-03  8.4776680e-03
   1.3620930e-03  9.3753240e-03
   1.5749630e-03  1.0170430e-02
   1.7898930e-03  1.0964610e-02
   2.0896560e-03  1.1564310e-02
   3.1099620e-03  1.3852670e-02
   4.1177720e-03  1.5646680e-02
   5.1274880e-03  1.7339170e-02
   6.1325190e-03  1.8834380e-02
   7.1364870e-03  2.0230190e-02
   8.1385560e-03  2.1527330e-02
   9.1433560e-03  2.2822240e-02
   1.0145440e-02  2.4019270e-02
   1.2653910e-02  2.6908680e-02
   1.5156760e-02  2.9502920e-02
   1.7657060e-02  3.1899640e-02
   2.0163670e-02  3.4289520e-02
   2.5166970e-02  3.8579630e-02
   3.0166430e-02  4.2474220e-02
   3.5168600e-02  4.6165030e-02
   4.0171410e-02  4.9654600e-02
   4.5173400e-02  5.2945050e-02
   5.0173500e-02  5.6038250e-02
   5.5175440e-02  5.9028180e-02
   6.0174140e-02  6.1823570e-02
   6.5173420e-02  6.4517810e-02
   7.0172910e-02  6.7111520e-02
   7.5176370e-02  6.9697290e-02
   8.0175320e-02  7.2091890e-02
   8.5173660e-02  7.4387720e-02
   9.0174980e-02  7.6676840e-02
   9.5175270e-02  7.8868020e-02
   1.0017440e-01  8.0961720e-02
   1.1017260e-01  8.4949010e-02
   1.2017200e-01  8.8732540e-02
   1.3017200e-01  9.2313760e-02
   1.4016890e-01  9.5603080e-02
   1.5016850e-01  9.8783520e-02
   1.6016730e-01  1.0176550e-01
   1.7016530e-01  1.0454990e-01
   1.8016220e-01  1.0713710e-01
   1.9015820e-01  1.0952770e-01
   2.0015540e-01  1.1181260e-01
   2.1015350e-01  1.1399220e-01
   2.2015050e-01  1.1597590e-01
   2.3014640e-01  1.1776470e-01
   2.4014280e-01  1.1944940e-01
   2.5013820e-01  1.2093940e-01
   2.6013410e-01  1.2232510e-01
   2.7013040e-01  1.2360620e-01
   2.8012590e-01  1.2469260e-01
   2.9012160e-01  1.2567430e-01
   3.0011660e-01  1.2646110e-01
   3.1011180e-01  1.2714280e-01
   3.2010650e-01  1.2762970e-01
   3.3010120e-01  1.2801110e-01
   3.4009550e-01  1.2819640e-01
   3.5008960e-01  1.2827630e-01
   3.6008340e-01  1.2816210e-01
   3.7007730e-01  1.2785550e-01
   3.8007070e-01  1.2753760e-01
   3.9006430e-01  1.2702910e-01
   4.0005790e-01  1.2642120e-01
   4.1005150e-01  1.2571420e-01
   4.2004510e-01  1.2490860e-01
   4.3003880e-01  1.2400480e-01
   4.5002570e-01  1.2199320e-01
   4.9999560e-01  1.1549210e-01
   5.4996670e-01  1.0750060e-01
   5.9994020e-01  9.8322330e-02
   6.4991980e-01  8.8073270e-02
   6.9990170e-01  7.7133070e-02
   7.4988570e-01  6.5699800e-02
   7.9986960e-01  5.3864520e-02
   8.4985540e-01  4.1635200e-02
   8.9983920e-01  2.9198370e-02
   9.1983260e-01  2.4219080e-02
   9.3982350e-01  1.9143510e-02
   9.5983160e-01  1.3986420e-02
   9.7978090e-01  8.6836640e-03
   1.0000000e+00  3.2640180e-03
</coords>
