<reference>interp_151200</reference>
<coords>
   1.0000000e+00 -4.5326420e-02
   9.8789770e-01 -6.6697070e-02
   9.5987000e-01 -7.0163810e-02
   9.3016030e-01 -7.5001500e-02
   8.9893320e-01 -8.1607480e-02
   8.6640430e-01 -8.9534370e-02
   8.3271310e-01 -9.9183310e-02
   7.9808220e-01 -1.0993990e-01
   7.6256980e-01 -1.2211470e-01
   7.2638630e-01 -1.3458340e-01
   6.8963880e-01 -1.4750370e-01
   6.5259300e-01 -1.5825620e-01
   6.1527800e-01 -1.6808680e-01
   5.7782880e-01 -1.7583380e-01
   5.4026840e-01 -1.8269760e-01
   5.0275190e-01 -1.8773710e-01
   4.6538500e-01 -1.9168340e-01
   4.2837070e-01 -1.9337050e-01
   3.9187570e-01 -1.9395600e-01
   3.5609100e-01 -1.9255770e-01
   3.2124330e-01 -1.9026380e-01
   2.8747890e-01 -1.8630630e-01
   2.5501460e-01 -1.8177800e-01
   2.2396700e-01 -1.7581600e-01
   1.9453410e-01 -1.6956470e-01
   1.6677280e-01 -1.6198460e-01
   1.4091310e-01 -1.5441310e-01
   1.1695580e-01 -1.4556540e-01
   9.5161420e-02 -1.3707220e-01
   7.5437730e-02 -1.2741170e-01
   5.8048360e-02 -1.1846250e-01
   4.2839990e-02 -1.0823800e-01
   3.0080820e-02 -9.9223640e-02
   1.9507270e-02 -8.8667720e-02
   1.1363990e-02 -7.9047990e-02
   5.2736350e-03 -6.6787500e-02
   1.7712990e-03 -5.7795660e-02
   1.6283620e-05 -3.8885780e-02
   1.4857500e-03 -1.4531070e-02
   5.1386040e-03 -2.6297910e-05
   1.1529670e-02  1.6771920e-02
   2.0158280e-02  3.1743090e-02
   3.1500330e-02  4.9040010e-02
   4.5123170e-02  6.5224880e-02
   6.1322450e-02  8.2680080e-02
   7.9599570e-02  9.8690350e-02
   1.0014250e-01  1.1493840e-01
   1.2252150e-01  1.2941780e-01
   1.4689630e-01  1.4357180e-01
   1.7288040e-01  1.5564020e-01
   2.0055270e-01  1.6680440e-01
   2.2963810e-01  1.7575460e-01
   2.6013020e-01  1.8334280e-01
   2.9182440e-01  1.8834290e-01
   3.2465940e-01  1.9153170e-01
   3.5848800e-01  1.9177570e-01
   3.9323320e-01  1.8992650e-01
   4.2882630e-01  1.8466580e-01
   4.6511970e-01  1.7714990e-01
   5.0198660e-01  1.6767800e-01
   5.3911930e-01  1.5773460e-01
   5.7645030e-01  1.4669080e-01
   6.1372150e-01  1.3568630e-01
   6.5086980e-01  1.2380280e-01
   6.8763920e-01  1.1233670e-01
   7.2397210e-01  1.0019870e-01
   7.5962560e-01  8.8559020e-02
   7.9453070e-01  7.6757150e-02
   8.2845320e-01  6.5654550e-02
   8.6131070e-01  5.4770860e-02
   8.9291190e-01  4.4786830e-02
   9.2315780e-01  3.5222380e-02
   9.5188850e-01  2.6581620e-02
   9.6714450e-01  1.9204460e-02
   9.8370240e-01  3.8989030e-03
   9.9794460e-01 -3.2209390e-02
</coords>
