<reference>interp_173793</reference>
<coords>
   1.0000000e+00 -2.4700230e-02
   9.8204720e-01 -3.6386310e-02
   9.5368800e-01 -3.7239110e-02
   9.2359370e-01 -4.0422560e-02
   8.9197480e-01 -4.5965780e-02
   8.5917270e-01 -5.3606520e-02
   8.2531230e-01 -6.3430790e-02
   7.9070680e-01 -7.4971230e-02
   7.5531220e-01 -8.8137410e-02
   7.1941290e-01 -1.0202940e-01
   6.8304460e-01 -1.1659250e-01
   6.4663610e-01 -1.2992750e-01
   6.1001380e-01 -1.4267620e-01
   5.7329540e-01 -1.5394570e-01
   5.3632310e-01 -1.6415390e-01
   4.9924310e-01 -1.7256900e-01
   4.6210540e-01 -1.7938880e-01
   4.2513120e-01 -1.8381160e-01
   3.8852440e-01 -1.8639850e-01
   3.5251120e-01 -1.8657760e-01
   3.1741340e-01 -1.8504910e-01
   2.8338670e-01 -1.8161840e-01
   2.5073140e-01 -1.7702500e-01
   2.1952030e-01 -1.7090410e-01
   1.9005450e-01 -1.6397860e-01
   1.6230050e-01 -1.5574880e-01
   1.3663430e-01 -1.4705280e-01
   1.1290790e-01 -1.3721530e-01
   9.1568240e-02 -1.2734140e-01
   7.2314020e-02 -1.1653090e-01
   5.5627160e-02 -1.0615390e-01
   4.1039930e-02 -9.4904320e-02
   2.9104310e-02 -8.4718620e-02
   1.9117350e-02 -7.3500510e-02
   1.1605500e-02 -6.3300170e-02
   5.6507210e-03 -5.0885250e-02
   2.4416080e-03 -4.1727080e-02
   3.6983590e-05 -2.2784300e-02
   1.7930660e-03  8.8358900e-04
   5.3440360e-03  1.4936790e-02
   1.1981790e-02  3.1034830e-02
   2.0595930e-02  4.5392240e-02
   3.2328310e-02  6.1632670e-02
   4.6225520e-02  7.6693630e-02
   6.3063310e-02  9.2435480e-02
   8.1766440e-02  1.0669950e-01
   1.0288130e-01  1.2070630e-01
   1.2554900e-01  1.3301640e-01
   1.5022340e-01  1.4461640e-01
   1.7617210e-01  1.5439210e-01
   2.0372390e-01  1.6303070e-01
   2.3240050e-01  1.6978840e-01
   2.6235000e-01  1.7512410e-01
   2.9325640e-01  1.7840960e-01
   3.2517230e-01  1.8012350e-01
   3.5795540e-01  1.7959830e-01
   3.9160760e-01  1.7736500e-01
   4.2616610e-01  1.7267430e-01
   4.6150270e-01  1.6621730e-01
   4.9750510e-01  1.5818570e-01
   5.3371320e-01  1.4940760e-01
   5.7016440e-01  1.3966830e-01
   6.0647890e-01  1.2966360e-01
   6.4272240e-01  1.1891860e-01
   6.7850320e-01  1.0826330e-01
   7.1392950e-01  9.7147460e-02
   7.4862530e-01  8.6291210e-02
   7.8264050e-01  7.5406030e-02
   8.1563700e-01  6.5000560e-02
   8.4760400e-01  5.4812620e-02
   8.7829920e-01  4.5335770e-02
   9.0768950e-01  3.6295760e-02
   9.3556050e-01  2.7978210e-02
   9.5080240e-01  2.1925440e-02
   9.6934080e-01  1.0828170e-02
   9.9533300e-01 -1.3976850e-02
</coords>
