<reference>interp_521379</reference>
<coords>
   1.0000000e+00  0.0000000e+00
   1.0000000e+00 -1.0268980e-03
   9.9058730e-01 -7.2058520e-04
   9.8060520e-01  6.1171560e-04
   9.7072550e-01  2.0843390e-03
   9.6084150e-01  3.4222560e-03
   9.5097500e-01  4.6954070e-03
   9.4112180e-01  5.8259070e-03
   9.3127830e-01  6.8231330e-03
   9.2144370e-01  7.6478540e-03
   9.1161020e-01  8.3249650e-03
   9.0177570e-01  8.8497790e-03
   8.7717290e-01  9.3728970e-03
   8.5251630e-01  8.7990200e-03
   8.2778890e-01  7.1354940e-03
   8.0297410e-01  4.3730220e-03
   7.7807310e-01  5.2619350e-04
   7.5310540e-01 -4.2970260e-03
   7.2806890e-01 -9.9560760e-03
   7.0300150e-01 -1.6249110e-02
   6.7792580e-01 -2.3011990e-02
   6.5284390e-01 -3.0120330e-02
   6.2777500e-01 -3.7401160e-02
   6.0275920e-01 -4.4646280e-02
   5.7777460e-01 -5.1775440e-02
   5.5286470e-01 -5.8616310e-02
   5.2799410e-01 -6.5159300e-02
   5.0318460e-01 -7.1283060e-02
   4.7843380e-01 -7.6896690e-02
   4.5372770e-01 -8.1969140e-02
   4.4386080e-01 -8.3825680e-02
   4.3399700e-01 -8.5594690e-02
   4.2414710e-01 -8.7241180e-02
   4.1429860e-01 -8.8796100e-02
   4.0445120e-01 -9.0259130e-02
   3.9461370e-01 -9.1597120e-02
   3.8476800e-01 -9.2874490e-02
   3.7493750e-01 -9.3993280e-02
   3.6509980e-01 -9.5050670e-02
   3.5526720e-01 -9.5978660e-02
   3.4543320e-01 -9.6807870e-02
   3.3560140e-01 -9.7507250e-02
   3.2576720e-01 -9.8102900e-02
   3.1593220e-01 -9.8561300e-02
   3.0609410e-01 -9.8910510e-02
   2.9625270e-01 -9.9118000e-02
   2.8640790e-01 -9.9210130e-02
   2.7655760e-01 -9.9154730e-02
   2.6670390e-01 -9.8980600e-02
   2.5684300e-01 -9.8657340e-02
   2.4697330e-01 -9.8183920e-02
   2.3710030e-01 -9.7590620e-02
   2.2721720e-01 -9.6841290e-02
   2.1732260e-01 -9.5936090e-02
   2.0741540e-01 -9.4871260e-02
   1.9750590e-01 -9.3678130e-02
   1.8757040e-01 -9.2288330e-02
   1.7763400e-01 -9.0761820e-02
   1.6766820e-01 -8.9029010e-02
   1.5770340e-01 -8.7152110e-02
   1.4770670e-01 -8.5060350e-02
   1.3769490e-01 -8.2782240e-02
   1.2764910e-01 -8.0274330e-02
   1.1759050e-01 -7.7563140e-02
   1.0747560e-01 -7.4563800e-02
   1.0242120e-01 -7.2988460e-02
   9.7353130e-02 -7.1335910e-02
   9.2271230e-02 -6.9604730e-02
   8.7202860e-02 -6.7828870e-02
   8.2095530e-02 -6.5927820e-02
   7.6976310e-02 -6.3937550e-02
   7.1874890e-02 -6.1896020e-02
   6.6735540e-02 -5.9715210e-02
   6.1558310e-02 -5.7387430e-02
   5.6377640e-02 -5.4945800e-02
   5.1164100e-02 -5.2338560e-02
   4.5922030e-02 -4.9552700e-02
   4.0622960e-02 -4.6523310e-02
   3.5275490e-02 -4.3227060e-02
   2.9893670e-02 -3.9635960e-02
   2.4384060e-02 -3.5545700e-02
   2.1619650e-02 -3.3339420e-02
   1.8816480e-02 -3.0956200e-02
   1.5983310e-02 -2.8383060e-02
   1.3132690e-02 -2.5604530e-02
   1.1926370e-02 -2.4318140e-02
   1.0776420e-02 -2.3083480e-02
   9.5655950e-03 -2.1688680e-02
   8.3399270e-03 -2.0196980e-02
   7.0666170e-03 -1.8527080e-02
   5.7980330e-03 -1.6743090e-02
   4.4445980e-03 -1.4590230e-02
   3.0526880e-03 -1.2034490e-02
   2.6748960e-03 -1.1285440e-02
   2.3209990e-03 -1.0457360e-02
   1.9553820e-03 -9.5301560e-03
   1.5736000e-03 -8.5778920e-03
   1.2070250e-03 -7.4441440e-03
   8.0291780e-04 -6.0960030e-03
   6.3837740e-04 -5.4211460e-03
   4.7225530e-04 -4.6463940e-03
   3.2480870e-04 -3.8672170e-03
   1.5850330e-04 -2.6944300e-03
   6.4244830e-08 -4.0136290e-05
   1.4912190e-04  2.6451050e-03
   2.9308550e-04  3.7352590e-03
   4.2674320e-04  4.5266750e-03
   5.7666280e-04  5.3147810e-03
   7.0859740e-04  5.9056660e-03
   1.0780240e-03  7.2820090e-03
   1.3916170e-03  8.3473920e-03
   1.7243120e-03  9.2313730e-03
   2.0122580e-03  9.9979120e-03
   2.3142880e-03  1.0758150e-02
   2.6126660e-03  1.1356090e-02
   3.7514240e-03  1.3576580e-02
   4.8047990e-03  1.5335610e-02
   5.8711930e-03  1.6984330e-02
   6.9055720e-03  1.8451600e-02
   7.9326840e-03  1.9822940e-02
   8.9468250e-03  2.1103420e-02
   9.9796240e-03  2.2368610e-02
   1.0993840e-02  2.3548300e-02
   1.3551770e-02  2.6375930e-02
   1.6071220e-02  2.8936590e-02
   1.8573250e-02  3.1314210e-02
   2.1118470e-02  3.3645010e-02
   2.6141020e-02  3.7877420e-02
   3.1137290e-02  4.1740510e-02
   3.6152100e-02  4.5377690e-02
   4.1171310e-02  4.8806370e-02
   4.6184900e-02  5.2041130e-02
   5.1185590e-02  5.5094670e-02
   5.6198850e-02  5.8025870e-02
   6.1189960e-02  6.0794360e-02
   6.6185050e-02  6.3455000e-02
   7.1181610e-02  6.6012050e-02
   7.6205220e-02  6.8514780e-02
   8.1198030e-02  7.0877860e-02
   8.6186680e-02  7.3149350e-02
   9.1195730e-02  7.5375000e-02
   9.6197730e-02  7.7514780e-02
   1.0119190e-01  7.9571700e-02
   1.1117960e-01  8.3484850e-02
   1.2117540e-01  8.7172300e-02
   1.3117510e-01  9.0643960e-02
   1.4115420e-01  9.3870980e-02
   1.5115140e-01  9.6937300e-02
   1.6114350e-01  9.9814120e-02
   1.7112920e-01  1.0250730e-01
   1.8110850e-01  1.0501980e-01
   1.9108100e-01  1.0735590e-01
   2.0106170e-01  1.0955280e-01
   2.1104890e-01  1.1161320e-01
   2.2102840e-01  1.1350180e-01
   2.3100020e-01  1.1522560e-01
   2.4097590e-01  1.1682060e-01
   2.5094470e-01  1.1825230e-01
   2.6091670e-01  1.1955450e-01
   2.7089130e-01  1.2072550e-01
   2.8086020e-01  1.2173290e-01
   2.9083090e-01  1.2260780e-01
   3.0079710e-01  1.2331720e-01
   3.1076420e-01  1.2389240e-01
   3.2072780e-01  1.2430310e-01
   3.3069140e-01  1.2457600e-01
   3.4065230e-01  1.2467530e-01
   3.5061210e-01  1.2463760e-01
   3.6057010e-01  1.2444110e-01
   3.7052830e-01  1.2409570e-01
   3.8048320e-01  1.2367320e-01
   3.9043970e-01  1.2311570e-01
   4.0039580e-01  1.2246150e-01
   4.1035170e-01  1.2171360e-01
   4.2030800e-01  1.2087560e-01
   4.3026500e-01  1.1994930e-01
   4.5017540e-01  1.1786980e-01
   4.9996980e-01  1.1136280e-01
   5.4977250e-01  1.0342050e-01
   5.9959140e-01  9.4369150e-02
   6.4945180e-01  8.4417230e-02
   6.9932850e-01  7.3825860e-02
   7.4921880e-01  6.2781870e-02
   7.9910880e-01  5.1324150e-02
   8.4901160e-01  3.9507160e-02
   8.9890140e-01  2.7438800e-02
   9.1885590e-01  2.2580360e-02
   9.3879390e-01  1.7647290e-02
   9.5884940e-01  1.2740520e-02
   9.7850290e-01  7.4216650e-03
   1.0000000e+00  3.0541180e-03
</coords>
