<reference>interp_012600</reference>
<coords>
   1.0000000e+00 -1.2317940e-02
   9.9811280e-01 -4.2255200e-02
   9.9512380e-01 -7.2416400e-02
   9.9067250e-01 -1.0246660e-01
   9.8359470e-01 -1.3157640e-01
   9.7326180e-01 -1.5913190e-01
   9.6097160e-01 -1.8548090e-01
   9.4711650e-01 -2.1099150e-01
   9.3174570e-01 -2.3589480e-01
   9.1488550e-01 -2.6000340e-01
   8.9655950e-01 -2.8304200e-01
   8.7684090e-01 -3.0495640e-01
   8.5581620e-01 -3.2577690e-01
   8.3355730e-01 -3.4539990e-01
   8.1012220e-01 -3.6366690e-01
   7.8559580e-01 -3.8052520e-01
   7.6007420e-01 -3.9600230e-01
   7.3365060e-01 -4.1004000e-01
   7.0640740e-01 -4.2251470e-01
   6.7843770e-01 -4.3337260e-01
   6.4984520e-01 -4.4264480e-01
   6.2073280e-01 -4.5029970e-01
   5.9119970e-01 -4.5622250e-01
   5.6134860e-01 -4.6037390e-01
   5.3128450e-01 -4.6282710e-01
   5.0111640e-01 -4.6359660e-01
   4.7095300e-01 -4.6259740e-01
   4.4089930e-01 -4.5981870e-01
   4.1105700e-01 -4.5535820e-01
   3.8153190e-01 -4.4923890e-01
   3.5243690e-01 -4.4139030e-01
   3.2387070e-01 -4.3185340e-01
   2.9592240e-01 -4.2076050e-01
   2.6869880e-01 -4.0810730e-01
   2.4230890e-01 -3.9385040e-01
   2.1682500e-01 -3.7813380e-01
   1.9233060e-01 -3.6107060e-01
   1.6894090e-01 -3.4257260e-01
   1.4672480e-01 -3.2275690e-01
   1.2572570e-01 -3.0182500e-01
   1.0607770e-01 -2.7965370e-01
   8.7818930e-02 -2.5638730e-01
   7.0979900e-02 -2.3223870e-01
   5.5721420e-02 -2.0701010e-01
   4.1972530e-02 -1.8108060e-01
   2.9958430e-02 -1.5422090e-01
   1.9577930e-02 -1.2674830e-01
   1.1192570e-02 -9.8382450e-02
   4.8852450e-03 -6.9313110e-02
   1.0295810e-03 -3.9516550e-02
   1.1195460e-06 -9.3469820e-03
   9.9052100e-04  2.1388730e-02
   4.4351060e-03  5.1900190e-02
   1.0102210e-02  8.2016910e-02
   1.7935930e-02  1.1158710e-01
   2.7629320e-02  1.4057380e-01
   3.9192080e-02  1.6886080e-01
   5.2442280e-02  1.9640820e-01
   6.7476230e-02  2.2300160e-01
   8.4045660e-02  2.4871190e-01
   1.0225410e-01  2.7325460e-01
   1.2191470e-01  2.9669500e-01
   1.4296790e-01  3.1890490e-01
   1.6540890e-01  3.3969290e-01
   1.8905170e-01  3.5916500e-01
   2.1385480e-01  3.7712870e-01
   2.3974690e-01  3.9349670e-01
   2.6657460e-01  4.0833900e-01
   2.9427480e-01  4.2146870e-01
   3.2275400e-01  4.3282290e-01
   3.5187490e-01  4.4248180e-01
   3.8153640e-01  4.5030060e-01
   4.1163650e-01  4.5621910e-01
   4.4205540e-01  4.6034710e-01
   4.7267050e-01  4.6260210e-01
   5.0336130e-01  4.6288160e-01
   5.3402540e-01  4.6129270e-01
   5.6455660e-01  4.5790710e-01
   5.9483990e-01  4.5270900e-01
   6.2478630e-01  4.4577150e-01
   6.5431780e-01  4.3721710e-01
   6.8332180e-01  4.2703800e-01
   7.1168000e-01  4.1520680e-01
   7.3931600e-01  4.0183580e-01
   7.6615250e-01  3.8703090e-01
   7.9207510e-01  3.7076220e-01
   8.1698290e-01  3.5305880e-01
   8.4081990e-01  3.3407830e-01
   8.6351840e-01  3.1391540e-01
   8.8499740e-01  2.9256150e-01
   9.0513270e-01  2.7005830e-01
   9.2381560e-01  2.4651140e-01
   9.4126240e-01  2.2224290e-01
   9.5702500e-01  1.9696790e-01
   9.6867360e-01  1.6876400e-01
   9.7762490e-01  1.3908020e-01
   9.8535380e-01  1.0934560e-01
   9.9170040e-01  7.9421040e-02
   9.9634910e-01  4.9066840e-02
   9.9914710e-01  1.8415570e-02
</coords>
