<reference>interp_075600</reference>
<coords>
   1.0000000e+00 -7.2108780e-02
   9.9374320e-01 -9.4970240e-02
   9.9059400e-01 -1.1973970e-01
   9.8838370e-01 -1.4506300e-01
   9.8021020e-01 -1.6667740e-01
   9.6226180e-01 -1.8157640e-01
   9.4196170e-01 -1.9236830e-01
   9.2140260e-01 -2.0177620e-01
   9.0064490e-01 -2.1171120e-01
   8.7955590e-01 -2.2161050e-01
   8.5797780e-01 -2.3037150e-01
   8.3598920e-01 -2.3818750e-01
   8.1374320e-01 -2.4570050e-01
   7.9124660e-01 -2.5276660e-01
   7.6842780e-01 -2.5886960e-01
   7.4532150e-01 -2.6411350e-01
   7.2202500e-01 -2.6901440e-01
   6.9857390e-01 -2.7358040e-01
   6.7494120e-01 -2.7738440e-01
   6.5113730e-01 -2.8039790e-01
   6.2721230e-01 -2.8303060e-01
   6.0319950e-01 -2.8530220e-01
   5.7910710e-01 -2.8671450e-01
   5.5494890e-01 -2.8716950e-01
   5.3074790e-01 -2.8718220e-01
   5.0653550e-01 -2.8689570e-01
   4.8235030e-01 -2.8583720e-01
   4.5820980e-01 -2.8391930e-01
   4.3410350e-01 -2.8165550e-01
   4.1005830e-01 -2.7909220e-01
   3.8614730e-01 -2.7568700e-01
   3.6237600e-01 -2.7150440e-01
   3.3869720e-01 -2.6711520e-01
   3.1517970e-01 -2.6226640e-01
   2.9192550e-01 -2.5641740e-01
   2.6884990e-01 -2.5011440e-01
   2.4593090e-01 -2.4367040e-01
   2.2337770e-01 -2.3621530e-01
   2.0113200e-01 -2.2802190e-01
   1.7903530e-01 -2.1985640e-01
   1.5746060e-01 -2.1053690e-01
   1.3627570e-01 -2.0044170e-01
   1.1531070e-01 -1.9030870e-01
   9.5210480e-02 -1.7846920e-01
   7.5273290e-02 -1.6660900e-01
   5.6589380e-02 -1.5282740e-01
   3.8362430e-02 -1.3841370e-01
   2.2534170e-02 -1.2115460e-01
   9.4588660e-03 -1.0157310e-01
   1.2362660e-03 -7.8938270e-02
   6.5537850e-06 -5.4716900e-02
   1.0076120e-03 -2.7181350e-02
   6.8237700e-03 -3.6150660e-04
   1.6151260e-02  2.5351270e-02
   2.8750220e-02  4.9660580e-02
   4.2954810e-02  7.2937480e-02
   5.8996650e-02  9.5074990e-02
   7.6014490e-02  1.1640630e-01
   9.4800340e-02  1.3623510e-01
   1.1418720e-01  1.5551030e-01
   1.3507720e-01  1.7307660e-01
   1.5672560e-01  1.8982510e-01
   1.7913900e-01  2.0547200e-01
   2.0270150e-01  2.1935760e-01
   2.2673650e-01  2.3251560e-01
   2.5146220e-01  2.4423060e-01
   2.7692790e-01  2.5434640e-01
   3.0274420e-01  2.6362270e-01
   3.2905240e-01  2.7126130e-01
   3.5583850e-01  2.7717980e-01
   3.8285730e-01  2.8207700e-01
   4.1008480e-01  2.8530760e-01
   4.3749590e-01  2.8669480e-01
   4.6497790e-01  2.8701260e-01
   4.9240430e-01  2.8586510e-01
   5.1967690e-01  2.8271030e-01
   5.4679330e-01  2.7819960e-01
   5.7372860e-01  2.7272870e-01
   6.0041680e-01  2.6614700e-01
   6.2692810e-01  2.5879450e-01
   6.5339470e-01  2.5125720e-01
   6.7972880e-01  2.4331560e-01
   7.0580640e-01  2.3460450e-01
   7.3173880e-01  2.2555320e-01
   7.5760690e-01  2.1649630e-01
   7.8325130e-01  2.0696140e-01
   8.0858980e-01  1.9677010e-01
   8.3376190e-01  1.8648980e-01
   8.5883130e-01  1.7626390e-01
   8.8373760e-01  1.6562790e-01
   9.0816490e-01  1.5436550e-01
   9.3183260e-01  1.4262910e-01
   9.5635520e-01  1.3179380e-01
   9.7940640e-01  1.1968260e-01
   9.8704880e-01  9.4508330e-02
   9.8780300e-01  6.4193980e-02
   9.9050750e-01  3.6539180e-02
   9.9440120e-01  1.0155140e-02
   9.9776700e-01 -1.6947840e-02
   9.9979790e-01 -4.4586120e-02
</coords>
