<reference>interp_260690</reference>
<coords>
   1.0000000e+00  0.0000000e+00
   1.0000000e+00 -3.6552870e-03
   9.8987770e-01 -1.1790760e-03
   9.8089700e-01  3.3274060e-04
   9.7155830e-01  1.7882510e-03
   9.6228870e-01  2.8970750e-03
   9.5258570e-01  3.6319510e-03
   9.4257620e-01  3.9679520e-03
   9.3195310e-01  3.9694170e-03
   9.2073330e-01  3.6051440e-03
   9.0901030e-01  2.8705980e-03
   8.9687370e-01  1.7091220e-03
   8.8442150e-01  1.1388630e-04
   8.7165970e-01 -1.8681480e-03
   8.5847190e-01 -4.3602500e-03
   8.4496380e-01 -7.3087970e-03
   8.3084420e-01 -1.0740180e-02
   8.1619730e-01 -1.4705470e-02
   8.0092800e-01 -1.9224410e-02
   7.8502240e-01 -2.4363330e-02
   7.6830640e-01 -3.0089800e-02
   7.5096830e-01 -3.6377330e-02
   7.3281820e-01 -4.3242900e-02
   7.1365000e-01 -5.0764600e-02
   6.9355540e-01 -5.8925320e-02
   6.7236410e-01 -6.7684350e-02
   6.5079110e-01 -7.6687450e-02
   6.2965890e-01 -8.5499320e-02
   6.0955070e-01 -9.3892720e-02
   5.9058740e-01 -1.0171510e-01
   5.7246760e-01 -1.0905700e-01
   5.5499970e-01 -1.1593690e-01
   5.3838030e-01 -1.2225740e-01
   5.2238780e-01 -1.2816360e-01
   5.0694080e-01 -1.3361220e-01
   4.9173720e-01 -1.3870300e-01
   4.7696010e-01 -1.4340200e-01
   4.6240190e-01 -1.4778840e-01
   4.4787520e-01 -1.5182470e-01
   4.3345830e-01 -1.5554560e-01
   4.1924210e-01 -1.5893080e-01
   4.0513220e-01 -1.6193240e-01
   3.9130940e-01 -1.6457320e-01
   3.7777270e-01 -1.6678610e-01
   3.6431600e-01 -1.6863530e-01
   3.5054100e-01 -1.7014060e-01
   3.3644110e-01 -1.7121930e-01
   3.2201130e-01 -1.7194530e-01
   3.0734890e-01 -1.7222010e-01
   2.9255130e-01 -1.7194460e-01
   2.7773130e-01 -1.7119460e-01
   2.6288980e-01 -1.6984450e-01
   2.4805180e-01 -1.6798680e-01
   2.3342100e-01 -1.6557360e-01
   2.1890790e-01 -1.6262030e-01
   2.0461490e-01 -1.5916270e-01
   1.9064850e-01 -1.5530150e-01
   1.7710130e-01 -1.5108230e-01
   1.6396790e-01 -1.4653250e-01
   1.5113480e-01 -1.4159700e-01
   1.3881240e-01 -1.3644280e-01
   1.2699560e-01 -1.3108420e-01
   1.1566160e-01 -1.2547140e-01
   1.0492680e-01 -1.1976280e-01
   9.4674410e-02 -1.1389060e-01
   8.4961310e-02 -1.0782000e-01
   7.5669040e-02 -1.0171390e-01
   6.7005060e-02 -9.5506250e-02
   5.8940410e-02 -8.9390140e-02
   5.1503020e-02 -8.3253810e-02
   4.4647280e-02 -7.7225180e-02
   3.8542750e-02 -7.1431270e-02
   3.2919620e-02 -6.5741370e-02
   2.8040470e-02 -6.0382030e-02
   2.3619060e-02 -5.5140290e-02
   1.9745970e-02 -5.0115680e-02
   1.6153980e-02 -4.5085850e-02
   1.3025110e-02 -4.0255070e-02
   1.0261770e-02 -3.5519760e-02
   7.8668770e-03 -3.0872710e-02
   5.7615750e-03 -2.6202400e-02
   4.0199340e-03 -2.1511500e-02
   2.5441120e-03 -1.6770960e-02
   1.3893240e-03 -1.2172260e-02
   5.5958070e-04 -7.7308980e-03
   1.1512160e-04 -3.7676210e-03
   5.6243250e-07  2.3059460e-07
   1.4184370e-04  3.7448340e-03
   5.8171580e-04  7.8691260e-03
   1.4469290e-03  1.2345050e-02
   2.7420290e-03  1.7228690e-02
   4.4008310e-03  2.2213730e-02
   6.2918780e-03  2.6940040e-02
   8.4298070e-03  3.1439310e-02
   1.0912300e-02  3.5914240e-02
   1.3699360e-02  4.0444060e-02
   1.6953150e-02  4.5140990e-02
   2.0543930e-02  4.9971790e-02
   2.4559170e-02  5.4804910e-02
   2.9034820e-02  5.9720770e-02
   3.3930740e-02  6.4775190e-02
   3.9272010e-02  6.9830650e-02
   4.5145070e-02  7.4903570e-02
   5.1505770e-02  8.0043820e-02
   5.8307790e-02  8.5107150e-02
   6.5557780e-02  9.0092990e-02
   7.3371170e-02  9.5081970e-02
   8.1645910e-02  9.9985120e-02
   9.0454160e-02  1.0475060e-01
   9.9756290e-02  1.0948410e-01
   1.0958690e-01  1.1400870e-01
   1.1999240e-01  1.1844050e-01
   1.3096130e-01  1.2270990e-01
   1.4239100e-01  1.2673650e-01
   1.5420760e-01  1.3056100e-01
   1.6648160e-01  1.3407430e-01
   1.7905280e-01  1.3736190e-01
   1.9209280e-01  1.4032140e-01
   2.0542460e-01  1.4297740e-01
   2.1913890e-01  1.4526930e-01
   2.3314860e-01  1.4723210e-01
   2.4754500e-01  1.4881140e-01
   2.6223020e-01  1.5001010e-01
   2.7730610e-01  1.5089300e-01
   2.9276980e-01  1.5141270e-01
   3.0852460e-01  1.5157350e-01
   3.2457220e-01  1.5143450e-01
   3.4081510e-01  1.5094910e-01
   3.5735420e-01  1.5012060e-01
   3.7419150e-01  1.4895090e-01
   3.9132510e-01  1.4749570e-01
   4.0885830e-01  1.4569900e-01
   4.2659730e-01  1.4357210e-01
   4.4473350e-01  1.4116300e-01
   4.6298230e-01  1.3843830e-01
   4.8153330e-01  1.3544460e-01
   5.0029030e-01  1.3219030e-01
   5.1926320e-01  1.2862240e-01
   5.3854180e-01  1.2479180e-01
   5.5822350e-01  1.2069200e-01
   5.7830860e-01  1.1632310e-01
   5.9860520e-01  1.1170420e-01
   6.1921080e-01  1.0682890e-01
   6.4011470e-01  1.0175500e-01
   6.6132920e-01  9.6429210e-02
   6.8303470e-01  9.0891990e-02
   7.0484900e-01  8.5183870e-02
   7.2696470e-01  7.9290700e-02
   7.4946530e-01  7.3261630e-02
   7.7206480e-01  6.7128640e-02
   7.9485960e-01  6.0885720e-02
   8.1785020e-01  5.4535240e-02
   8.4073960e-01  4.8171350e-02
   8.6331360e-01  4.1933930e-02
   8.8568140e-01  3.5761800e-02
   9.0804620e-01  2.9577450e-02
   9.3030060e-01  2.3448460e-02
   9.5214000e-01  1.7445290e-02
   9.7239470e-01  1.1776350e-02
   9.8836840e-01  7.1745140e-03
   1.0000000e+00  4.1765660e-03
</coords>
