<reference>interp_378000</reference>
<coords>
   1.0000000e+00  0.0000000e+00
   1.0000000e+00 -2.1956530e-03
   9.9658700e-01 -1.9960250e-03
   9.8165920e-01  7.7744180e-04
   9.6665190e-01  3.4068510e-03
   9.5059750e-01  5.3105500e-03
   9.3349480e-01  6.5897310e-03
   9.1533970e-01  7.1026550e-03
   8.9611660e-01  6.8337070e-03
   8.7582780e-01  5.5966140e-03
   8.5446490e-01  3.3334680e-03
   8.3203960e-01 -2.1141160e-05
   8.0855680e-01 -4.5392770e-03
   7.8403330e-01 -1.0284400e-02
   7.5849010e-01 -1.7216580e-02
   7.3213680e-01 -2.5219260e-02
   7.0574610e-01 -3.3886820e-02
   6.7937720e-01 -4.2988960e-02
   6.5301000e-01 -5.2407090e-02
   6.2664300e-01 -6.2005670e-02
   6.0024320e-01 -7.1578110e-02
   5.7379960e-01 -8.1070200e-02
   5.4729190e-01 -9.0281970e-02
   5.2075840e-01 -9.9186740e-02
   4.9416330e-01 -1.0765790e-01
   4.6752650e-01 -1.1557250e-01
   4.4088780e-01 -1.2281390e-01
   4.1424610e-01 -1.2922800e-01
   3.8764390e-01 -1.3472180e-01
   3.6113030e-01 -1.3916440e-01
   3.3469810e-01 -1.4240320e-01
   3.0834510e-01 -1.4420450e-01
   2.8204980e-01 -1.4443210e-01
   2.5572200e-01 -1.4297750e-01
   2.3016190e-01 -1.3982600e-01
   2.0584030e-01 -1.3531340e-01
   1.8277450e-01 -1.2969530e-01
   1.6097660e-01 -1.2318450e-01
   1.4045800e-01 -1.1598730e-01
   1.2125120e-01 -1.0819610e-01
   1.0335110e-01 -9.9948600e-02
   8.6823790e-02 -9.1377180e-02
   7.1635510e-02 -8.2614040e-02
   5.7828210e-02 -7.3738560e-02
   4.5456810e-02 -6.4746920e-02
   3.4536510e-02 -5.5770030e-02
   2.5118600e-02 -4.6916160e-02
   1.7217550e-02 -3.8230190e-02
   1.0764990e-02 -2.9892590e-02
   5.8174950e-03 -2.1813340e-02
   2.4156290e-03 -1.3925280e-02
   4.4571580e-04 -5.9511850e-03
   1.8307400e-04 -3.7958560e-03
   7.9222340e-08 -2.8813550e-05
   1.3368400e-03  1.0003210e-02
   4.2374870e-03  1.6998410e-02
   8.6635740e-03  2.3966710e-02
   1.4517170e-02  3.1199110e-02
   2.1745720e-02  3.8665630e-02
   3.0390030e-02  4.6243840e-02
   4.0362640e-02  5.3959450e-02
   5.1713460e-02  6.1696470e-02
   6.4438770e-02  6.9356680e-02
   7.8501200e-02  7.6962240e-02
   9.3907190e-02  8.4390380e-02
   1.1069550e-01  9.1561820e-02
   1.2881050e-01  9.8467830e-02
   1.4828570e-01  1.0498570e-01
   1.6912420e-01  1.1105940e-01
   1.9134750e-01  1.1653300e-01
   2.1490680e-01  1.2141500e-01
   2.3985700e-01  1.2540720e-01
   2.6609770e-01  1.2843250e-01
   2.9262230e-01  1.3036800e-01
   3.1917550e-01  1.3127200e-01
   3.4574400e-01  1.3123320e-01
   3.7233790e-01  1.3025410e-01
   3.9893860e-01  1.2853220e-01
   4.2553110e-01  1.2613970e-01
   4.5213650e-01  1.2320550e-01
   4.7873400e-01  1.1972270e-01
   5.0531810e-01  1.1580390e-01
   5.3191250e-01  1.1151970e-01
   5.5850090e-01  1.0685660e-01
   5.8508120e-01  1.0191150e-01
   6.1167190e-01  9.6699620e-02
   6.3825000e-01  9.1184290e-02
   6.6482110e-01  8.5470450e-02
   6.9140270e-01  7.9568810e-02
   7.1798570e-01  7.3507870e-02
   7.4456250e-01  6.7325760e-02
   7.7076200e-01  6.1113730e-02
   7.9591450e-01  5.5048660e-02
   8.2001900e-01  4.9149460e-02
   8.4308220e-01  4.3427220e-02
   8.6510350e-01  3.7942440e-02
   8.8607430e-01  3.2677500e-02
   9.0600830e-01  2.7647750e-02
   9.2490530e-01  2.2858870e-02
   9.4275800e-01  1.8312290e-02
   9.5955930e-01  1.3937910e-02
   9.7537450e-01  9.7773000e-03
   9.9010120e-01  5.6928950e-03
   9.9400320e-01  4.9958130e-03
   9.9751350e-01  4.0776540e-03
   1.0000000e+00  2.5329560e-03
</coords>
