<reference></reference><coords>
     1.000000   -0.000155
     0.993175   -0.000416
     0.984285    0.001306
     0.975305    0.002634
     0.966008    0.004089
     0.956334    0.005092
     0.946412    0.005699
     0.935837    0.006052
     0.924649    0.006082
     0.912957    0.005758
     0.900831    0.005081
     0.888367    0.004038
     0.875579    0.002617
     0.862332    0.000779
     0.848739   -0.001474
     0.834518   -0.004202
     0.819738   -0.007402
     0.804306   -0.011111
     0.788196   -0.015361
     0.771261   -0.020197
     0.753679   -0.025564
     0.735270   -0.031497
     0.715821   -0.038050
     0.695415   -0.045185
     0.673914   -0.052927
     0.652052   -0.060970
     0.630679   -0.068946
     0.610363   -0.076596
     0.591248   -0.083819
     0.573029   -0.090694
     0.555523   -0.097260
     0.538923   -0.103421
     0.522983   -0.109260
     0.507640   -0.114796
     0.492591   -0.120131
     0.478000   -0.125194
     0.463649   -0.130042
     0.449367   -0.134706
     0.435205   -0.139148
     0.421247   -0.143326
     0.407402   -0.147248
     0.393832   -0.150856
     0.380535   -0.154117
     0.367296   -0.157057
     0.353718   -0.159718
     0.339785   -0.162037
     0.325487   -0.163949
     0.310919   -0.165359
     0.296173   -0.166166
     0.281378   -0.166308
     0.266533   -0.165738
     0.251692   -0.164431
     0.237064   -0.162390
     0.222571   -0.159646
     0.208321   -0.156273
     0.194427   -0.152374
     0.180976   -0.148045
     0.167955   -0.143346
     0.155237   -0.138272
     0.143044   -0.132954
     0.131364   -0.127423
     0.120151   -0.121686
     0.109540   -0.115854
     0.099394   -0.109895
     0.089724   -0.103846
     0.080500   -0.097721
     0.071828   -0.091601
     0.063758   -0.085563
     0.056239   -0.079590
     0.049284   -0.073733
     0.043030   -0.068149
     0.037240   -0.062672
     0.032137   -0.057560
     0.027447   -0.052585
     0.023252   -0.047846
     0.019318   -0.043096
     0.015809   -0.038544
     0.012628   -0.034083
     0.009783   -0.029698
     0.007217   -0.025264
     0.004975   -0.020786
     0.003072   -0.016204
     0.001624   -0.011700
     0.000639   -0.007305
     0.000137   -0.003366
     0.000001    0.000382
     0.000183    0.004075
     0.000772    0.008126
     0.001925    0.012478
     0.003761    0.017137
     0.006142    0.021790
     0.008792    0.026118
     0.011632    0.030190
     0.014756    0.034210
     0.018192    0.038236
     0.022059    0.042392
     0.026304    0.046611
     0.030892    0.050834
     0.035899    0.055121
     0.041350    0.059479
     0.047187    0.063839
     0.053482    0.068235
     0.060253    0.072663
     0.067403    0.077038
     0.074945    0.081360
     0.083011    0.085688
     0.091498    0.089945
     0.100446    0.094131
     0.109883    0.098250
     0.119772    0.102259
     0.130210    0.106182
     0.141172    0.109982
     0.152553    0.113601
     0.164308    0.117015
     0.176474    0.120212
     0.188935    0.123155
     0.201832    0.125846
     0.215013    0.128228
     0.228557    0.130282
     0.242392    0.131974
     0.256600    0.133299
     0.271084    0.134264
     0.285950    0.134897
     0.301190    0.135206
     0.316712    0.135201
     0.332520    0.134895
     0.348518    0.134302
     0.364808    0.133427
     0.381395    0.132275
     0.398275    0.130852
     0.415554    0.129151
     0.433046    0.127196
     0.450933    0.124978
     0.468947    0.122537
     0.487266    0.119860
     0.505797    0.116965
     0.524563    0.113850
     0.543641    0.110513
     0.563126    0.106940
     0.583019    0.103132
     0.603137    0.099128
     0.623575    0.094914
     0.644309    0.090504
     0.665366    0.085894
     0.686906    0.081060
     0.708565    0.076088
     0.730527    0.070946
     0.752858    0.065630
     0.775288    0.060206
     0.797908    0.054661
     0.820720    0.049001
     0.843429    0.043313
     0.865806    0.037674
     0.887969    0.032062
     0.910127    0.026424
     0.932161    0.020792
     0.953765    0.015201
     0.973780    0.009850
     0.989569    0.005461
     0.999999    0.002539
</coords>
