<reference>interp_554400</reference>
<coords>
   1.0000000e+00  0.0000000e+00
   1.0000000e+00 -1.0363310e-03
   9.9079330e-01 -6.2259610e-04
   9.8081750e-01  8.2624050e-04
   9.7098000e-01  2.0788470e-03
   9.6113670e-01  3.3599230e-03
   9.5131690e-01  4.5535190e-03
   9.4151520e-01  5.6596450e-03
   9.3172670e-01  6.6558980e-03
   9.2195000e-01  7.5243580e-03
   9.1217490e-01  8.2635810e-03
   9.0239850e-01  8.8672360e-03
   8.7793500e-01  9.7140860e-03
   8.5339870e-01  9.5702030e-03
   8.2876690e-01  8.4104390e-03
   8.0401720e-01  6.2222380e-03
   7.7915080e-01  2.9902350e-03
   7.5419440e-01 -1.2098780e-03
   7.2914520e-01 -6.2233190e-03
   7.0405410e-01 -1.1882660e-02
   6.7895190e-01 -1.8036340e-02
   6.5384120e-01 -2.4551430e-02
   6.2874820e-01 -3.1264430e-02
   6.0372690e-01 -3.7999330e-02
   5.7874760e-01 -4.4647750e-02
   5.5386930e-01 -5.1082110e-02
   5.2904420e-01 -5.7254420e-02
   5.0430140e-01 -6.3070880e-02
   4.7963800e-01 -6.8443810e-02
   4.5503500e-01 -7.3331250e-02
   4.4521480e-01 -7.5137480e-02
   4.3539870e-01 -7.6860550e-02
   4.2560150e-01 -7.8488280e-02
   4.1580600e-01 -8.0027390e-02
   4.0601220e-01 -8.1477450e-02
   3.9623160e-01 -8.2828770e-02
   3.8644010e-01 -8.4098200e-02
   3.7666900e-01 -8.5258650e-02
   3.6688830e-01 -8.6336160e-02
   3.5711440e-01 -8.7309050e-02
   3.4733850e-01 -8.8183570e-02
   3.3756580e-01 -8.8952870e-02
   3.2778970e-01 -8.9617130e-02
   3.1801260e-01 -9.0166150e-02
   3.0823130e-01 -9.0602750e-02
   2.9844550e-01 -9.0918080e-02
   2.8865510e-01 -9.1112660e-02
   2.7885730e-01 -9.1178110e-02
   2.6905490e-01 -9.1118260e-02
   2.5924280e-01 -9.0927120e-02
   2.4941880e-01 -9.0603290e-02
   2.3959040e-01 -9.0152630e-02
   2.2974830e-01 -8.9561340e-02
   2.1989060e-01 -8.8829670e-02
   2.1001590e-01 -8.7952510e-02
   2.0013820e-01 -8.6937140e-02
   1.9022540e-01 -8.5761330e-02
   1.8031120e-01 -8.4435950e-02
   1.7035750e-01 -8.2937120e-02
   1.6040500e-01 -8.1278730e-02
   1.5040940e-01 -7.9435350e-02
   1.4039350e-01 -7.7410400e-02
   1.3033160e-01 -7.5180270e-02
   1.2025240e-01 -7.2745720e-02
   1.1009730e-01 -7.0062220e-02
   1.0502380e-01 -6.8635800e-02
   9.9931830e-02 -6.7140170e-02
   9.4821200e-02 -6.5573410e-02
   8.9728860e-02 -6.3946300e-02
   8.4583880e-02 -6.2220230e-02
   7.9422860e-02 -6.0408710e-02
   7.4285870e-02 -5.8527970e-02
   6.9097650e-02 -5.6529240e-02
   6.3858270e-02 -5.4402130e-02
   5.8614240e-02 -5.2156310e-02
   5.3325810e-02 -4.9756950e-02
   4.7998850e-02 -4.7186470e-02
   4.2594900e-02 -4.4392250e-02
   3.7125570e-02 -4.1342800e-02
   3.1609850e-02 -3.8000310e-02
   2.5921530e-02 -3.4194020e-02
   2.3064390e-02 -3.2125810e-02
   2.0154900e-02 -2.9888750e-02
   1.7204890e-02 -2.7465310e-02
   1.4231300e-02 -2.4834590e-02
   1.2952630e-02 -2.3623110e-02
   1.1750090e-02 -2.2446440e-02
   1.0465330e-02 -2.1123610e-02
   9.1605250e-03 -1.9704940e-02
   7.7913660e-03 -1.8115740e-02
   6.4285920e-03 -1.6407510e-02
   4.9512100e-03 -1.4341320e-02
   3.4218590e-03 -1.1871240e-02
   3.0167860e-03 -1.1140050e-02
   2.6089190e-03 -1.0337200e-02
   2.1852200e-03 -9.4355230e-03
   1.7747590e-03 -8.5000000e-03
   1.3497660e-03 -7.3894860e-03
   9.0914920e-04 -6.0595320e-03
   7.2197490e-04 -5.3934920e-03
   5.3266420e-04 -4.6275950e-03
   3.6857840e-04 -3.8557210e-03
   1.7902000e-04 -2.6924760e-03
   8.6775090e-08 -5.4211840e-05
   1.6634860e-04  2.6258540e-03
   3.2572990e-04  3.7125550e-03
   4.7119130e-04  4.5009600e-03
   6.3861730e-04  5.2848950e-03
   7.8175120e-04  5.8725830e-03
   1.1755260e-03  7.2406310e-03
   1.5289550e-03  8.2938730e-03
   1.8731160e-03  9.1722370e-03
   2.1919040e-03  9.9270410e-03
   2.5297150e-03  1.0673340e-02
   2.8275250e-03  1.1270550e-02
   4.0149440e-03  1.3463160e-02
   5.0870370e-03  1.5207830e-02
   6.1767140e-03  1.6838560e-02
   7.2231510e-03  1.8294350e-02
   8.2597700e-03  1.9655640e-02
   9.2788710e-03  2.0929270e-02
   1.0323170e-02  2.2182260e-02
   1.1342380e-02  2.3354830e-02
   1.3920620e-02  2.6157070e-02
   1.6446890e-02  2.8703930e-02
   1.8949630e-02  3.1073710e-02
   2.1510720e-02  3.3380240e-02
   2.6541160e-02  3.7588950e-02
   3.1536130e-02  4.1439100e-02
   3.6556140e-02  4.5054250e-02
   4.1582080e-02  4.8457920e-02
   4.6600440e-02  5.1669790e-02
   5.1601370e-02  5.4707030e-02
   5.6619280e-02  5.7614100e-02
   6.1607270e-02  6.0371550e-02
   6.6600640e-02  6.3018390e-02
   7.1595990e-02  6.5560370e-02
   7.6627880e-02  6.8029000e-02
   8.1618170e-02  7.0379120e-02
   8.6602840e-02  7.2640620e-02
   9.1615060e-02  7.4840200e-02
   9.6617770e-02  7.6958850e-02
   1.0160990e-01  7.9000660e-02
   1.1159320e-01  8.2883360e-02
   1.2158770e-01  8.6531330e-02
   1.3158720e-01  8.9957990e-02
   1.4155900e-01  9.3159410e-02
   1.5155520e-01  9.6178860e-02
   1.6154450e-01  9.9012480e-02
   1.7152530e-01  1.0166820e-01
   1.8149730e-01  1.0415000e-01
   1.9146020e-01  1.0646370e-01
   2.0143400e-01  1.0862440e-01
   2.1141670e-01  1.1063580e-01
   2.2138910e-01  1.1248540e-01
   2.3135100e-01  1.1418250e-01
   2.4131810e-01  1.1574070e-01
   2.5127600e-01  1.1714840e-01
   2.6123810e-01  1.1841630e-01
   2.7120390e-01  1.1954210e-01
   2.8116180e-01  1.2051700e-01
   2.9112230e-01  1.2134800e-01
   3.0107660e-01  1.2202570e-01
   3.1103230e-01  1.2255700e-01
   3.2098300e-01  1.2293650e-01
   3.3093380e-01  1.2316470e-01
   3.4088110e-01  1.2322880e-01
   3.5082670e-01  1.2314280e-01
   3.6077010e-01  1.2291240e-01
   3.7071360e-01  1.2255110e-01
   3.8065260e-01  1.2208570e-01
   3.9059390e-01  1.2150800e-01
   4.0053450e-01  1.2083470e-01
   4.1047510e-01  1.2007020e-01
   4.2041610e-01  1.1921880e-01
   4.3035790e-01  1.1828320e-01
   4.5023700e-01  1.1617590e-01
   4.9995910e-01  1.0966640e-01
   5.4969270e-01  1.0174440e-01
   5.9944810e-01  9.2745140e-02
   6.4925950e-01  8.2915300e-02
   6.9909300e-01  7.2467230e-02
   7.4894480e-01  6.1583160e-02
   7.9879620e-01  5.0280540e-02
   8.4866490e-01  3.8632930e-02
   8.9851610e-01  2.6715950e-02
   9.1845470e-01  2.1907150e-02
   9.3837090e-01  1.7032630e-02
   9.5844580e-01  1.2228690e-02
   9.7797790e-01  6.9032230e-03
   1.0000000e+00  2.9678880e-03
</coords>
