<reference></reference><coords>
     1.000000    0.000000
     0.999568   -0.002091
     0.996170   -0.001445
     0.981942    0.001333
     0.966749    0.003829
     0.950512    0.005505
     0.933230    0.006376
     0.914903    0.006413
     0.895521    0.005595
     0.875089    0.003810
     0.853599    0.000982
     0.831062   -0.002949
     0.807472   -0.008005
     0.782835   -0.014224
     0.757167   -0.021567
     0.730663   -0.029893
     0.704101   -0.038807
     0.677553   -0.048128
     0.650999   -0.057741
     0.624445   -0.067533
     0.597885   -0.077374
     0.571302   -0.087196
     0.544695   -0.096862
     0.518086   -0.106300
     0.491447   -0.115429
     0.464793   -0.124129
     0.438145   -0.132247
     0.411489   -0.139620
     0.384848   -0.146093
     0.358246   -0.151422
     0.331667   -0.155366
     0.305118   -0.157650
     0.278597   -0.158006
     0.252057   -0.156253
     0.226356   -0.152418
     0.201995   -0.146934
     0.178988   -0.140201
     0.157331   -0.132520
     0.137030   -0.124126
     0.118103   -0.115162
     0.100535   -0.105779
     0.084369   -0.096156
     0.069575   -0.086401
     0.056179   -0.076618
     0.044197   -0.066862
     0.033633   -0.057256
     0.024513   -0.047921
     0.016835   -0.038892
     0.010575   -0.030290
     0.005754   -0.022034
     0.002392   -0.014044
     0.000442   -0.005985
     0.000181   -0.003810
     0.000000   -0.000011
     0.001275    0.010064
     0.004010    0.017156
     0.008191    0.024303
     0.013789    0.031769
     0.020777    0.039500
     0.029170    0.047400
     0.038937    0.055424
     0.050102    0.063484
     0.062658    0.071486
     0.076596    0.079391
     0.091907    0.087097
     0.108624    0.094530
     0.126708    0.101630
     0.146177    0.108298
     0.167038    0.114451
     0.189300    0.119963
     0.212932    0.124737
     0.237966    0.128528
     0.264304    0.131184
     0.290916    0.132666
     0.317539    0.133120
     0.344161    0.132679
     0.370799    0.131421
     0.397440    0.129472
     0.424071    0.126906
     0.450714    0.123812
     0.477353    0.120233
     0.503982    0.116241
     0.530620    0.111883
     0.557256    0.107179
     0.583883    0.102185
     0.610520    0.096924
     0.637153    0.091400
     0.663776    0.085668
     0.690410    0.079746
     0.717044    0.073661
     0.743670    0.067445
     0.769916    0.061195
     0.795114    0.055095
     0.819263    0.049165
     0.842371    0.043425
     0.864433    0.037911
     0.885444    0.032628
     0.905417    0.027582
     0.924351    0.022779
     0.942238    0.018212
     0.959074    0.013831
     0.974876    0.009609
     0.989625    0.005514
     0.993150    0.004522
     0.996605    0.003555
     0.999999    0.002613
</coords>