<reference>interp_541800</reference>
<coords>
   1.0000000e+00  0.0000000e+00
   1.0000000e+00 -1.0327310e-03
   9.9071470e-01 -6.5998670e-04
   9.8073650e-01  7.4438230e-04
   9.7088290e-01  2.0809420e-03
   9.6102400e-01  3.3837080e-03
   9.5118640e-01  4.6076610e-03
   9.4136510e-01  5.7230870e-03
   9.3155560e-01  6.7197110e-03
   9.2175680e-01  7.5714810e-03
   9.1195950e-01  8.2870030e-03
   9.0216090e-01  8.8605750e-03
   8.7764420e-01  9.5838950e-03
   8.5306200e-01  9.2759360e-03
   8.2839370e-01  7.9239470e-03
   8.0361920e-01  5.5166160e-03
   7.7873960e-01  2.0500090e-03
   7.5377880e-01 -2.3878680e-03
   7.2873450e-01 -7.6476610e-03
   7.0365250e-01 -1.3548810e-02
   6.7856030e-01 -1.9934950e-02
   6.5346070e-01 -2.6676400e-02
   6.2837690e-01 -3.3606080e-02
   6.0335770e-01 -4.0535670e-02
   5.7837640e-01 -4.7367530e-02
   5.5348590e-01 -5.3957000e-02
   5.2864350e-01 -6.0270760e-02
   5.0387520e-01 -6.6204480e-02
   4.7917850e-01 -7.1669260e-02
   4.5453620e-01 -7.6627290e-02
   4.4469820e-01 -7.8452720e-02
   4.3486390e-01 -8.0193320e-02
   4.2504650e-01 -8.1828200e-02
   4.1523080e-01 -8.3373350e-02
   4.0541650e-01 -8.4828350e-02
   3.9561430e-01 -8.6174590e-02
   3.8580210e-01 -8.7447050e-02
   3.7600830e-01 -8.8591600e-02
   3.6620590e-01 -8.9661440e-02
   3.5640950e-01 -9.0617190e-02
   3.4661150e-01 -9.1474420e-02
   3.3681620e-01 -9.2217040e-02
   3.2701800e-01 -9.2855120e-02
   3.1721880e-01 -9.3369570e-02
   3.0741580e-01 -9.3772810e-02
   2.9760880e-01 -9.4047000e-02
   2.8779760e-01 -9.4202490e-02
   2.7797970e-01 -9.4221820e-02
   2.6815780e-01 -9.4118370e-02
   2.5832710e-01 -9.3876810e-02
   2.4848560e-01 -9.3495900e-02
   2.3864020e-01 -9.2990810e-02
   2.2878250e-01 -9.2339220e-02
   2.1891070e-01 -9.1541330e-02
   2.0902360e-01 -9.0592560e-02
   1.9913380e-01 -8.9509360e-02
   1.8921230e-01 -8.8251890e-02
   1.7928970e-01 -8.6849770e-02
   1.6933130e-01 -8.5261660e-02
   1.5937410e-01 -8.3519880e-02
   1.4937810e-01 -8.1581730e-02
   1.3936380e-01 -7.9460180e-02
   1.2930810e-01 -7.7124060e-02
   1.1923660e-01 -7.4583940e-02
   1.0909690e-01 -7.1779930e-02
   1.0403070e-01 -7.0296680e-02
   9.8947860e-02 -6.8741180e-02
   9.3848190e-02 -6.7111670e-02
   8.8764990e-02 -6.5427810e-02
   8.3634380e-02 -6.3634970e-02
   7.8489310e-02 -6.1755240e-02
   7.3365890e-02 -5.9813150e-02
   6.8196320e-02 -5.7744940e-02
   6.2980650e-02 -5.5541250e-02
   5.7760800e-02 -5.3220720e-02
   5.2500950e-02 -5.0742040e-02
   4.7206380e-02 -4.8089370e-02
   4.1842450e-02 -4.5205420e-02
   3.6419620e-02 -4.2061790e-02
   3.0954990e-02 -3.8624440e-02
   2.5334860e-02 -3.4709790e-02
   2.2513110e-02 -3.2588900e-02
   1.9644190e-02 -3.0296070e-02
   1.6738760e-02 -2.7815500e-02
   1.3812090e-02 -2.5128390e-02
   1.2561030e-02 -2.3888320e-02
   1.1378560e-02 -2.2689520e-02
   1.0122010e-02 -2.1339230e-02
   8.8474020e-03 -1.9892690e-02
   7.5148170e-03 -1.8272700e-02
   6.1879840e-03 -1.6535560e-02
   4.7578980e-03 -1.4436300e-02
   3.2809920e-03 -1.1933530e-02
   2.8863280e-03 -1.1195530e-02
   2.4990550e-03 -1.0383050e-02
   2.0975190e-03 -9.4716330e-03
   1.6980010e-03 -8.5297220e-03
   1.2952990e-03 -7.4103420e-03
   8.6861350e-04 -6.0734480e-03
   6.9007590e-04 -5.4040440e-03
   5.0961340e-04 -4.6347690e-03
   3.5187680e-04 -3.8601080e-03
   1.7119120e-04 -2.6932220e-03
   7.8178020e-08 -4.8840910e-05
   1.5977530e-04  2.6332000e-03
   3.1327350e-04  3.7212180e-03
   4.5423090e-04  4.5107730e-03
   6.1497680e-04  5.2962990e-03
   7.5383720e-04  5.8852070e-03
   1.1383210e-03  7.2564200e-03
   1.4765500e-03  8.3142950e-03
   1.8163350e-03  9.1948020e-03
   2.1233550e-03  9.9540840e-03
   2.4475120e-03  1.0705700e-02
   2.7455390e-03  1.1303190e-02
   3.9143900e-03  1.3506440e-02
   4.9793410e-03  1.5256590e-02
   6.0601340e-03  1.6894190e-02
   7.1019690e-03  1.8354360e-02
   8.1349610e-03  1.9719480e-02
   9.1521690e-03  2.0995720e-02
   1.0192080e-02  2.2253360e-02
   1.1209390e-02  2.3428650e-02
   1.3779880e-02  2.6240580e-02
   1.6303540e-02  2.8792710e-02
   1.8806010e-02  3.1165480e-02
   2.1361050e-02  3.3481270e-02
   2.6388480e-02  3.7699020e-02
   3.1383940e-02  4.1554110e-02
   3.6401970e-02  4.5177670e-02
   4.1425330e-02  4.8590880e-02
   4.6441880e-02  5.1811480e-02
   5.1442720e-02  5.4854950e-02
   5.6458850e-02  5.7771220e-02
   6.1448030e-02  6.0532890e-02
   6.6442060e-02  6.3184990e-02
   7.1437870e-02  6.5732720e-02
   7.6466600e-02  6.8214360e-02
   8.1457850e-02  7.0569430e-02
   8.6444040e-02  7.2834740e-02
   9.1455050e-02  7.5044270e-02
   9.6457490e-02  7.7170980e-02
   1.0145040e-01  7.9218560e-02
   1.1143540e-01  8.3112880e-02
   1.2143040e-01  8.6775910e-02
   1.3142990e-01  9.0219740e-02
   1.4140450e-01  9.3430930e-02
   1.5140110e-01  9.6468260e-02
   1.6139150e-01  9.9318370e-02
   1.7137420e-01  1.0198840e-01
   1.8134890e-01  1.0448190e-01
   1.9131550e-01  1.0680410e-01
   2.0129190e-01  1.0897860e-01
   2.1127630e-01  1.1100880e-01
   2.2125150e-01  1.1287320e-01
   2.3121710e-01  1.1458050e-01
   2.4118750e-01  1.1615270e-01
   2.5114950e-01  1.1756970e-01
   2.6111550e-01  1.1885060e-01
   2.7108460e-01  1.1999370e-01
   2.8104670e-01  1.2098100e-01
   2.9101110e-01  1.2182870e-01
   3.0096990e-01  1.2251850e-01
   3.1093000e-01  1.2306660e-01
   3.2088560e-01  1.2345790e-01
   3.3084130e-01  1.2370320e-01
   3.4079380e-01  1.2378070e-01
   3.5074480e-01  1.2371320e-01
   3.6069380e-01  1.2349570e-01
   3.7064290e-01  1.2314050e-01
   3.8058800e-01  1.2269150e-01
   3.9053500e-01  1.2212150e-01
   4.0048160e-01  1.2145550e-01
   4.1042800e-01  1.2069730e-01
   4.2037490e-01  1.1985100e-01
   4.3032250e-01  1.1891890e-01
   4.5021350e-01  1.1682230e-01
   4.9996320e-01  1.1031370e-01
   5.4972310e-01  1.0238400e-01
   5.9950280e-01  9.3364830e-02
   6.4933290e-01  8.3488400e-02
   6.9918290e-01  7.2985650e-02
   7.4904940e-01  6.2040560e-02
   7.9891550e-01  5.0678760e-02
   8.4879720e-01  3.8966520e-02
   8.9866310e-01  2.6991780e-02
   9.1860780e-01  2.2164030e-02
   9.3853230e-01  1.7267170e-02
   9.5859980e-01  1.2423990e-02
   9.7817820e-01  7.1010490e-03
   1.0000000e+00  3.0007920e-03
</coords>
