<reference>interp_456207</reference>
<coords>
   1.0000000e+00  0.0000000e+00
   1.0000000e+00 -1.0082800e-03
   9.9018080e-01 -9.1398460e-04
   9.8018630e-01  1.8831140e-04
   9.7022330e-01  2.0951790e-03
   9.6025910e-01  3.5452830e-03
   9.5030010e-01  4.9754500e-03
   9.4034530e-01  6.1540540e-03
   9.3039350e-01  7.1532000e-03
   9.2044440e-01  7.8915950e-03
   9.1049570e-01  8.4461170e-03
   9.0054660e-01  8.8153240e-03
   8.7566890e-01  8.6994980e-03
   8.5077460e-01  7.2769490e-03
   8.2585850e-01  4.6191550e-03
   8.0091560e-01  7.2325410e-04
   7.7594600e-01 -4.3370470e-03
   7.5095600e-01 -1.0390080e-02
   7.2594470e-01 -1.7323360e-02
   7.0092400e-01 -2.4867100e-02
   6.7590070e-01 -3.2832340e-02
   6.5087550e-01 -4.1111580e-02
   6.2585430e-01 -4.9513140e-02
   6.0084940e-01 -5.7765260e-02
   5.7585410e-01 -6.5843260e-02
   5.5088190e-01 -7.3486430e-02
   5.2592170e-01 -8.0761040e-02
   5.0098030e-01 -8.7491300e-02
   4.7605710e-01 -9.3580010e-02
   4.5114750e-01 -9.9017600e-02
   4.4118850e-01 -1.0097340e-01
   4.3123040e-01 -1.0283310e-01
   4.2127670e-01 -1.0451660e-01
   4.1132330e-01 -1.0610280e-01
   4.0137030e-01 -1.0759140e-01
   3.9142030e-01 -1.0890310e-01
   3.8146780e-01 -1.1019610e-01
   3.7152000e-01 -1.1123270e-01
   3.6156990e-01 -1.1225030e-01
   3.5162150e-01 -1.1308980e-01
   3.4167250e-01 -1.1382950e-01
   3.3172430e-01 -1.1439090e-01
   3.2177540e-01 -1.1485110e-01
   3.1182620e-01 -1.1513070e-01
   3.0187600e-01 -1.1530740e-01
   2.9192480e-01 -1.1530210e-01
   2.8197260e-01 -1.1519200e-01
   2.7201870e-01 -1.1489810e-01
   2.6206370e-01 -1.1449840e-01
   2.5210660e-01 -1.1391440e-01
   2.4214670e-01 -1.1314570e-01
   2.3218580e-01 -1.1227090e-01
   2.2222180e-01 -1.1120960e-01
   2.1225420e-01 -1.0996190e-01
   2.0228280e-01 -1.0852670e-01
   1.9231060e-01 -1.0698270e-01
   1.8233050e-01 -1.0517060e-01
   1.7235010e-01 -1.0324710e-01
   1.6236060e-01 -1.0105250e-01
   1.5237140e-01 -9.8744310e-02
   1.4237240e-01 -9.6162330e-02
   1.3236880e-01 -9.3384560e-02
   1.2235470e-01 -9.0328400e-02
   1.1233670e-01 -8.7071230e-02
   1.0230130e-01 -8.3448490e-02
   9.7284560e-02 -8.1579210e-02
   9.2263600e-02 -7.9616960e-02
   8.7238380e-02 -7.7561280e-02
   8.2217340e-02 -7.5491850e-02
   7.7184300e-02 -7.3245450e-02
   7.2147600e-02 -7.0902360e-02
   6.7116370e-02 -6.8543500e-02
   6.2073480e-02 -6.6003330e-02
   5.7018920e-02 -6.3279480e-02
   5.1963300e-02 -6.0451370e-02
   4.6897560e-02 -5.7433840e-02
   4.1823050e-02 -5.4222900e-02
   3.6730980e-02 -5.0729340e-02
   3.1624010e-02 -4.6945990e-02
   2.6506470e-02 -4.2864220e-02
   2.1349600e-02 -3.8213490e-02
   1.8768200e-02 -3.5734690e-02
   1.6174870e-02 -3.3062990e-02
   1.3572310e-02 -3.0194400e-02
   1.0964370e-02 -2.7124140e-02
   9.9008580e-03 -2.5689900e-02
   8.8546960e-03 -2.4340800e-02
   7.7897960e-03 -2.2803970e-02
   6.7203260e-03 -2.1168090e-02
   5.6361900e-03 -1.9338930e-02
   4.5535090e-03 -1.7405420e-02
   3.4447070e-03 -1.5081500e-02
   2.3240610e-03 -1.2356700e-02
   2.0001130e-03 -1.1572380e-02
   1.7527380e-03 -1.0694520e-02
   1.5017540e-03 -9.7169310e-03
   1.1765780e-03 -8.7316260e-03
   9.2529910e-04 -7.5520210e-03
   5.9325060e-04 -6.1679850e-03
   4.7338240e-04 -5.4757250e-03
   3.5302730e-04 -4.6834980e-03
   2.3842130e-04 -3.8899080e-03
   1.1800970e-04 -2.6982850e-03
   1.9777210e-08 -1.2355610e-05
   1.1512170e-04  2.6831010e-03
   2.2865560e-04  3.7800700e-03
   3.3901680e-04  4.5774280e-03
   4.5438410e-04  5.3737660e-03
   5.6421490e-04  5.9709600e-03
   8.8558740e-04  7.3636780e-03
   1.1205560e-03  8.4530210e-03
   1.4306210e-03  9.3480900e-03
   1.6576940e-03  1.0137790e-02
   1.8891030e-03  1.0925550e-02
   2.1886040e-03  1.1524910e-02
   3.2313190e-03  1.3800440e-02
   4.2477500e-03  1.5587830e-02
   5.2681890e-03  1.7272040e-02
   6.2787730e-03  1.8761970e-02
   7.2871190e-03  2.0153140e-02
   8.2914720e-03  2.1447130e-02
   9.3015690e-03  2.2736420e-02
   1.0305950e-02  2.3930170e-02
   1.2823780e-02  2.6807890e-02
   1.5329770e-02  2.9395770e-02
   1.7830390e-02  3.1788890e-02
   2.0344310e-02  3.4167580e-02
   2.5351250e-02  3.8446780e-02
   3.0350110e-02  4.2335410e-02
   3.5354670e-02  4.6016080e-02
   4.0360580e-02  4.9494120e-02
   4.5364760e-02  5.2774040e-02
   5.0364970e-02  5.5859730e-02
   5.5369060e-02  5.8838550e-02
   6.0366320e-02  6.1628860e-02
   6.5364810e-02  6.4316740e-02
   7.0363750e-02  6.6903510e-02
   7.5371020e-02  6.9473570e-02
   8.0368800e-02  7.1862210e-02
   8.5365310e-02  7.4153430e-02
   9.0368090e-02  7.6430540e-02
   9.5368710e-02  7.8612000e-02
   1.0036690e-01  8.0698740e-02
   1.1036310e-01  8.4672010e-02
   1.2036180e-01  8.8437360e-02
   1.3036170e-01  9.1997850e-02
   1.4035530e-01  9.5275380e-02
   1.5035450e-01  9.8434230e-02
   1.6035200e-01  1.0139630e-01
   1.7034760e-01  1.0416340e-01
   1.8034120e-01  1.0673650e-01
   1.9033280e-01  1.0911680e-01
   2.0032680e-01  1.1138510e-01
   2.1032290e-01  1.1354210e-01
   2.2031660e-01  1.1550780e-01
   2.3030790e-01  1.1728430e-01
   2.4030040e-01  1.1895200e-01
   2.5029080e-01  1.2043100e-01
   2.6028220e-01  1.2180090e-01
   2.7027440e-01  1.2306120e-01
   2.8026480e-01  1.2413270e-01
   2.9025580e-01  1.2509420e-01
   3.0024540e-01  1.2586630e-01
   3.1023530e-01  1.2652780e-01
   3.2022400e-01  1.2700040e-01
   3.3021280e-01  1.2736120e-01
   3.4020080e-01  1.2753020e-01
   3.5018840e-01  1.2758790e-01
   3.6017550e-01  1.2745810e-01
   3.7016260e-01  1.2714420e-01
   3.8014870e-01  1.2680650e-01
   3.9013530e-01  1.2628880e-01
   4.0012180e-01  1.2567210e-01
   4.1010830e-01  1.2495730e-01
   4.3008160e-01  1.2323750e-01
   4.5005400e-01  1.2121310e-01
   4.9999070e-01  1.1471090e-01
   5.4993000e-01  1.0672870e-01
   5.9987420e-01  9.7574430e-02
   6.4983120e-01  8.7381590e-02
   6.9979330e-01  7.6507380e-02
   7.4975950e-01  6.5147760e-02
   7.9972560e-01  5.3383910e-02
   8.4969570e-01  4.1232600e-02
   8.9966180e-01  2.8865480e-02
   9.1964780e-01  2.3909050e-02
   9.3962870e-01  1.8860440e-02
   9.5964580e-01  1.3750710e-02
   9.7953910e-01  8.4449070e-03
   1.0000000e+00  3.2243070e-03
</coords>
