<reference>interp_315000</reference>
<coords>
   1.0000000e+00  0.0000000e+00
   1.0000000e+00 -2.4348550e-03
   9.8876830e-01  3.8279900e-04
   9.8007750e-01  1.6330660e-03
   9.7079450e-01  3.1389560e-03
   9.6155240e-01  4.3465460e-03
   9.5193750e-01  5.1130740e-03
   9.4201010e-01  5.5725080e-03
   9.3145670e-01  5.7568190e-03
   9.2030970e-01  5.6064860e-03
   9.0865650e-01  5.1128610e-03
   8.9657760e-01  4.2586220e-03
   8.8416880e-01  3.0307410e-03
   8.7144170e-01  1.4280440e-03
   8.5826490e-01 -6.0310130e-04
   8.4474940e-01 -3.0511610e-03
   8.3061200e-01 -5.9664750e-03
   8.1592260e-01 -9.3557160e-03
   8.0059040e-01 -1.3256540e-02
   7.8458890e-01 -1.7704730e-02
   7.6776770e-01 -2.2729150e-02
   7.5030430e-01 -2.8279300e-02
   7.3201790e-01 -3.4387560e-02
   7.1269700e-01 -4.1112130e-02
   6.9242580e-01 -4.8420380e-02
   6.7106090e-01 -5.6325400e-02
   6.4933090e-01 -6.4514500e-02
   6.2807870e-01 -7.2611090e-02
   6.0787230e-01 -8.0363190e-02
   5.8885150e-01 -8.7661380e-02
   5.7071380e-01 -9.4587450e-02
   5.5327500e-01 -1.0117690e-01
   5.3672870e-01 -1.0733440e-01
   5.2083380e-01 -1.1315560e-01
   5.0552560e-01 -1.1864830e-01
   4.9050030e-01 -1.2391220e-01
   4.7592560e-01 -1.2888250e-01
   4.6158670e-01 -1.3361970e-01
   4.4730820e-01 -1.3814280e-01
   4.3314820e-01 -1.4242700e-01
   4.1918960e-01 -1.4643410e-01
   4.0534290e-01 -1.5016330e-01
   3.9177170e-01 -1.5356720e-01
   3.7847400e-01 -1.5660860e-01
   3.6523820e-01 -1.5931930e-01
   3.5166730e-01 -1.6173700e-01
   3.3774900e-01 -1.6379470e-01
   3.2347370e-01 -1.6545180e-01
   3.0893610e-01 -1.6661140e-01
   2.9423140e-01 -1.6717480e-01
   2.7948410e-01 -1.6710560e-01
   2.6469570e-01 -1.6634530e-01
   2.4991390e-01 -1.6488900e-01
   2.3534600e-01 -1.6273610e-01
   2.2091170e-01 -1.5991600e-01
   2.0671590e-01 -1.5649680e-01
   1.9287070e-01 -1.5258020e-01
   1.7946220e-01 -1.4825280e-01
   1.6647990e-01 -1.4356690e-01
   1.5379840e-01 -1.3850850e-01
   1.4163710e-01 -1.3321430e-01
   1.2998660e-01 -1.2771180e-01
   1.1880320e-01 -1.2199670e-01
   1.0821850e-01 -1.1618950e-01
   9.8099990e-02 -1.1025180e-01
   8.8465750e-02 -1.0420780e-01
   7.9271250e-02 -9.8096220e-02
   7.0639980e-02 -9.1972370e-02
   6.2607400e-02 -8.5932390e-02
   5.5136070e-02 -7.9944600e-02
   4.8229740e-02 -7.4071510e-02
   4.2030340e-02 -6.8464630e-02
   3.6295460e-02 -6.2965420e-02
   3.1253720e-02 -5.7824500e-02
   2.6631370e-02 -5.2817150e-02
   2.2510430e-02 -4.8042480e-02
   1.8653430e-02 -4.3257850e-02
   1.5226080e-02 -3.8671410e-02
   1.2132990e-02 -3.4176330e-02
   9.3796980e-03 -2.9758850e-02
   6.9065540e-03 -2.5297010e-02
   4.7640890e-03 -2.0795870e-02
   2.9471780e-03 -1.6200060e-02
   1.5611500e-03 -1.1693300e-02
   6.1365490e-04 -7.3051500e-03
   1.2884570e-04 -3.3752020e-03
   1.0728840e-06  3.6347140e-04
   1.7982020e-04  4.0577990e-03
   7.4663730e-04  8.1133800e-03
   1.8525530e-03  1.2476700e-02
   3.5969950e-03  1.7163980e-02
   5.8537100e-03  2.1863150e-02
   8.3719380e-03  2.6250320e-02
   1.1088840e-02  3.0385900e-02
   1.4099990e-02  3.4475040e-02
   1.7419840e-02  3.8578140e-02
   2.1176240e-02  4.2818490e-02
   2.5303210e-02  4.7132690e-02
   2.9786070e-02  5.1451330e-02
   3.4693410e-02  5.5837030e-02
   4.0039420e-02  6.0305530e-02
   4.5781180e-02  6.4776020e-02
   5.1992810e-02  6.9279830e-02
   5.8680870e-02  7.3821290e-02
   6.5757010e-02  7.8306790e-02
   7.3233880e-02  8.2735240e-02
   8.1240940e-02  8.7169670e-02
   8.9674270e-02  9.1531140e-02
   9.8580760e-02  9.5811490e-02
   1.0797560e-01  1.0003080e-01
   1.1783400e-01  1.0412400e-01
   1.2824450e-01  1.0813090e-01
   1.3918510e-01  1.1200940e-01
   1.5055110e-01  1.1569720e-01
   1.6229200e-01  1.1918090e-01
   1.7445160e-01  1.2243400e-01
   1.8690600e-01  1.2543810e-01
   1.9980080e-01  1.2817920e-01
   2.1297980e-01  1.3061390e-01
   2.2652570e-01  1.3271690e-01
   2.4036260e-01  1.3446440e-01
   2.5457410e-01  1.3584330e-01
   2.6906440e-01  1.3685930e-01
   2.8393690e-01  1.3754520e-01
   2.9918620e-01  1.3790120e-01
   3.1471850e-01  1.3793580e-01
   3.3053690e-01  1.3767060e-01
   3.4654660e-01  1.3710760e-01
   3.6284890e-01  1.3625340e-01
   3.7944770e-01  1.3511110e-01
   3.9633960e-01  1.3369660e-01
   4.1363070e-01  1.3199370e-01
   4.3113270e-01  1.3002380e-01
   4.4902960e-01  1.2778800e-01
   4.6705030e-01  1.2531310e-01
   4.8537540e-01  1.2259750e-01
   5.0391180e-01  1.1965690e-01
   5.2267860e-01  1.1648110e-01
   5.4175630e-01  1.1307660e-01
   5.6123980e-01  1.0943070e-01
   5.8112980e-01  1.0554390e-01
   6.0124200e-01  1.0145230e-01
   6.2167110e-01  9.7144030e-02
   6.4239700e-01  9.2638410e-02
   6.6344300e-01  8.7924480e-02
   6.8497200e-01  8.2988790e-02
   7.0661790e-01  7.7908600e-02
   7.2856630e-01  7.2656940e-02
   7.5088590e-01  6.7236780e-02
   7.7330350e-01  6.1709160e-02
   7.9591210e-01  5.6062600e-02
   8.1871260e-01  5.0301610e-02
   8.4141090e-01  4.4515030e-02
   8.6377970e-01  3.8788200e-02
   8.8593680e-01  3.3095150e-02
   9.0808810e-01  2.7378790e-02
   9.3011960e-01  2.1677280e-02
   9.5172240e-01  1.6034270e-02
   9.7175470e-01  1.0665800e-02
   9.8752280e-01  6.2438040e-03
   1.0000000e+00  3.4292350e-03
</coords>
