<reference>interp_304138</reference>
<coords>
   1.0000000e+00  0.0000000e+00
   1.0000000e+00 -2.6789410e-03
   9.8899020e-01  7.0424140e-05
   9.8024140e-01  1.3730010e-03
   9.7094720e-01  2.8688150e-03
   9.6169970e-01  4.0566510e-03
   9.5206710e-01  4.8168500e-03
   9.4212330e-01  5.2515970e-03
   9.3155600e-01  5.3993390e-03
   9.2039440e-01  5.2062170e-03
   9.0872730e-01  4.6644080e-03
   8.9663680e-01  3.7487220e-03
   8.8421930e-01  2.4473700e-03
   8.7148530e-01  7.6880590e-04
   8.5830630e-01 -1.3545310e-03
   8.4479230e-01 -3.9026880e-03
   8.3065840e-01 -6.9212160e-03
   8.1597760e-01 -1.0425670e-02
   8.0065790e-01 -1.4450110e-02
   7.8467560e-01 -1.9036450e-02
   7.6787540e-01 -2.4201280e-02
   7.5043710e-01 -2.9898910e-02
   7.3217790e-01 -3.6158620e-02
   7.1288760e-01 -4.3042630e-02
   6.9265170e-01 -5.0521370e-02
   6.7132150e-01 -5.8597190e-02
   6.4962290e-01 -6.6949090e-02
   6.2839480e-01 -7.5188740e-02
   6.0820800e-01 -8.3069090e-02
   5.8919870e-01 -9.0472130e-02
   5.7106450e-01 -9.7481360e-02
   5.5362000e-01 -1.0412890e-01
   5.3705900e-01 -1.1031900e-01
   5.2114460e-01 -1.1615720e-01
   5.0580860e-01 -1.2164110e-01
   4.9074760e-01 -1.2687030e-01
   4.7613250e-01 -1.3178640e-01
   4.6174980e-01 -1.3645340e-01
   4.4742160e-01 -1.4087920e-01
   4.3321030e-01 -1.4505070e-01
   4.1920010e-01 -1.4893350e-01
   4.0530070e-01 -1.5251720e-01
   3.9167930e-01 -1.5576840e-01
   3.7833380e-01 -1.5864410e-01
   3.6505380e-01 -1.6118250e-01
   3.5144200e-01 -1.6341770e-01
   3.3748740e-01 -1.6527960e-01
   3.2318120e-01 -1.6675050e-01
   3.0861860e-01 -1.6773310e-01
   2.9389540e-01 -1.6812880e-01
   2.7913350e-01 -1.6792340e-01
   2.6433450e-01 -1.6704510e-01
   2.4954150e-01 -1.6550860e-01
   2.3496100e-01 -1.6330360e-01
   2.2051100e-01 -1.6045690e-01
   2.0629570e-01 -1.5703000e-01
   1.9242630e-01 -1.5312450e-01
   1.7899000e-01 -1.4881870e-01
   1.6597750e-01 -1.4416000e-01
   1.5326570e-01 -1.3912620e-01
   1.4107210e-01 -1.3386000e-01
   1.2938840e-01 -1.2838630e-01
   1.1817490e-01 -1.2269160e-01
   1.0756010e-01 -1.1690420e-01
   9.7414880e-02 -1.1097960e-01
   8.7764860e-02 -1.0493020e-01
   7.8550810e-02 -9.8819760e-02
   6.9912990e-02 -9.2679140e-02
   6.1874010e-02 -8.6623940e-02
   5.4409460e-02 -8.0606440e-02
   4.7513250e-02 -7.4702240e-02
   4.1332820e-02 -6.9057960e-02
   3.5620290e-02 -6.3520610e-02
   3.0611070e-02 -5.8336000e-02
   2.6028910e-02 -5.3281780e-02
   2.1957540e-02 -4.8457120e-02
   1.8153540e-02 -4.3623450e-02
   1.4785890e-02 -3.8988140e-02
   1.1758750e-02 -3.4445020e-02
   9.0771340e-03 -2.9981620e-02
   6.6775580e-03 -2.5478090e-02
   4.6152580e-03 -2.0938990e-02
   2.8665640e-03 -1.6314240e-02
   1.5267840e-03 -1.1789090e-02
   6.0284010e-04 -7.3903000e-03
   1.2610090e-04 -3.4536860e-03
   9.7079400e-07  2.9082320e-04
   1.7222490e-04  3.9952060e-03
   7.1365300e-04  8.0645290e-03
   1.7714280e-03  1.2450370e-02
   3.4260020e-03  1.7176920e-02
   5.5631340e-03  2.1933270e-02
   7.9559260e-03  2.6388260e-02
   1.0557030e-02  3.0596580e-02
   1.3462450e-02  3.4762880e-02
   1.6675750e-02  3.8951320e-02
   2.0331620e-02  4.3282990e-02
   2.4351360e-02  4.7700510e-02
   2.8740690e-02  5.2122050e-02
   3.3561690e-02  5.6613780e-02
   3.8817680e-02  6.1199460e-02
   4.4479350e-02  6.5786950e-02
   5.0623260e-02  7.0404580e-02
   5.7245850e-02  7.5065790e-02
   6.4267160e-02  7.9666870e-02
   7.1698660e-02  8.4206790e-02
   7.9666990e-02  8.8752130e-02
   8.8068600e-02  9.3221930e-02
   9.6955440e-02  9.7599310e-02
   1.0633170e-01  1.0192140e-01
   1.1618460e-01  1.0610090e-01
   1.2659410e-01  1.1019280e-01
   1.3754030e-01  1.1414950e-01
   1.4891910e-01  1.1790510e-01
   1.6067510e-01  1.2145690e-01
   1.7285760e-01  1.2476200e-01
   1.8533530e-01  1.2782290e-01
   1.9825920e-01  1.3060770e-01
   2.1146870e-01  1.3308660e-01
   2.2504830e-01  1.3522740e-01
   2.3891980e-01  1.3701790e-01
   2.5316830e-01  1.3843690e-01
   2.6769760e-01  1.3948940e-01
   2.8261080e-01  1.4021480e-01
   2.9790290e-01  1.4060350e-01
   3.1347970e-01  1.4066340e-01
   3.2934400e-01  1.4042340e-01
   3.4540030e-01  1.3987590e-01
   3.6174990e-01  1.3902680e-01
   3.7839640e-01  1.3787910e-01
   3.9533670e-01  1.3645640e-01
   4.1267620e-01  1.3473480e-01
   4.3022560e-01  1.3273350e-01
   4.4817040e-01  1.3046300e-01
   4.6623670e-01  1.2793810e-01
   4.8460700e-01  1.2516690e-01
   5.0318750e-01  1.2216360e-01
   5.2199560e-01  1.1890940e-01
   5.4111340e-01  1.1541960e-01
   5.6063660e-01  1.1168300e-01
   5.8056560e-01  1.0769970e-01
   6.0071460e-01  1.0350270e-01
   6.2117910e-01  9.9081010e-02
   6.4194060e-01  9.4461740e-02
   6.6302030e-01  8.9625420e-02
   6.8458450e-01  8.4569430e-02
   7.0626410e-01  7.9363660e-02
   7.2824590e-01  7.3983690e-02
   7.5060180e-01  6.8441750e-02
   7.7305580e-01  6.2793060e-02
   7.9570160e-01  5.7027220e-02
   8.1854010e-01  5.1148330e-02
   8.4127660e-01  4.5246300e-02
   8.6368650e-01  3.9417340e-02
   8.8588580e-01  3.3628480e-02
   9.0807970e-01  2.7818520e-02
   9.3015580e-01  2.2031520e-02
   9.5180600e-01  1.6316480e-02
   9.7188270e-01  1.0887910e-02
   9.8769190e-01  6.4299460e-03
   1.0000000e+00  3.5787010e-03
</coords>
