<reference>interp_434483</reference>
<coords>
   1.0000000e+00  0.0000000e+00
   1.0000000e+00 -1.0020740e-03
   9.9004530e-01 -9.7845100e-04
   9.8004670e-01  4.7176600e-05
   9.7005600e-01  2.0987920e-03
   9.6006490e-01  3.5862920e-03
   9.5007520e-01  5.0687970e-03
   9.4008650e-01  6.2634370e-03
   9.3009860e-01  7.2632230e-03
   9.2011130e-01  7.9728420e-03
   9.1012420e-01  8.4865010e-03
   9.0013690e-01  8.8038390e-03
   8.7516760e-01  8.4750320e-03
   8.5019410e-01  6.7695920e-03
   8.2521510e-01  3.7803760e-03
   8.0022940e-01 -4.9333520e-04
   7.7523700e-01 -5.9581270e-03
   7.5023950e-01 -1.2421100e-02
   7.2523670e-01 -1.9779120e-02
   7.0023150e-01 -2.7739770e-02
   6.7522560e-01 -3.6105800e-02
   6.5021930e-01 -4.4775330e-02
   6.2521400e-01 -5.3550460e-02
   6.0021280e-01 -6.2138260e-02
   5.7521400e-01 -7.0532530e-02
   5.5022090e-01 -7.8443140e-02
   5.2523090e-01 -8.5961620e-02
   5.0024560e-01 -9.2894040e-02
   4.7526480e-01 -9.9141110e-02
   4.5028750e-01 -1.0470040e-01
   4.4029780e-01 -1.0668940e-01
   4.3030830e-01 -1.0857930e-01
   4.2031980e-01 -1.1027510e-01
   4.1033150e-01 -1.1187170e-01
   4.0034330e-01 -1.1336880e-01
   3.9035580e-01 -1.1467170e-01
   3.8036770e-01 -1.1597000e-01
   3.7038080e-01 -1.1697910e-01
   3.6039330e-01 -1.1798360e-01
   3.5040620e-01 -1.1879340e-01
   3.4041900e-01 -1.1950340e-01
   3.3043200e-01 -1.2001880e-01
   3.2044480e-01 -1.2043390e-01
   3.1045750e-01 -1.2065380e-01
   3.0047000e-01 -1.2077300e-01
   2.9048220e-01 -1.2069670e-01
   2.8049420e-01 -1.2051930e-01
   2.7050570e-01 -1.2014580e-01
   2.6051700e-01 -1.1967100e-01
   2.5052770e-01 -1.1900000e-01
   2.4053780e-01 -1.1813290e-01
   2.3054760e-01 -1.1716430e-01
   2.2055660e-01 -1.1599910e-01
   2.1056470e-01 -1.1463720e-01
   2.0057190e-01 -1.1307850e-01
   1.9057890e-01 -1.1141760e-01
   1.8058380e-01 -1.0946460e-01
   1.7058870e-01 -1.0740890e-01
   1.6059140e-01 -1.0506030e-01
   1.5059410e-01 -1.0260840e-01
   1.4059440e-01 -9.9862990e-02
   1.3059340e-01 -9.6918670e-02
   1.2058990e-01 -9.3679750e-02
   1.1058540e-01 -9.0240590e-02
   1.0057650e-01 -8.6410050e-02
   9.5572340e-02 -8.4442800e-02
   9.0567090e-02 -8.2377310e-02
   8.5560770e-02 -8.0213460e-02
   8.0555500e-02 -7.8046180e-02
   7.5547220e-02 -7.5684650e-02
   7.0538030e-02 -7.3223970e-02
   6.5530200e-02 -7.0759320e-02
   6.0519460e-02 -6.8099370e-02
   5.5505790e-02 -6.5243500e-02
   5.0491850e-02 -6.2286560e-02
   4.5475390e-02 -5.9132270e-02
   4.0456720e-02 -5.5779640e-02
   3.5433650e-02 -5.2131350e-02
   3.0406860e-02 -4.8185630e-02
   2.5377410e-02 -4.3940300e-02
   2.0338110e-02 -3.9102750e-02
   1.7817720e-02 -3.6533110e-02
   1.5294330e-02 -3.3765260e-02
   1.2768640e-02 -3.0798180e-02
   1.0241600e-02 -2.7630680e-02
   9.2256870e-03 -2.6147160e-02
   8.2141220e-03 -2.4759910e-02
   7.1978630e-03 -2.3175730e-02
   6.1804590e-03 -2.1491800e-02
   5.1593810e-03 -1.9609540e-02
   4.1386670e-03 -1.7626200e-02
   3.1114100e-03 -1.5245260e-02
   2.0811850e-03 -1.2464100e-02
   1.7751860e-03 -1.1668030e-02
   1.5633170e-03 -1.0773580e-02
   1.3505440e-03 -9.7791890e-03
   1.0442370e-03 -8.7828710e-03
   8.3139050e-04 -7.5879800e-03
   5.2336160e-04 -6.1919800e-03
   4.1838410e-04 -5.4939190e-03
   3.1328460e-04 -4.6958660e-03
   2.0962550e-04 -3.8974720e-03
   1.0451190e-04 -2.6995700e-03
   4.9546750e-09 -3.0953820e-06
   1.0378840e-04  2.6957660e-03
   2.0717890e-04  3.7950070e-03
   3.0977470e-04  4.5943450e-03
   4.1362450e-04  5.3934280e-03
   5.1608740e-04  5.9927250e-03
   8.2144170e-04  7.3909000e-03
   1.0302020e-03  8.4882310e-03
   1.3327240e-03  9.3869950e-03
   1.5395060e-03  1.0184410e-02
   1.7473750e-03  1.0981350e-02
   2.0472500e-03  1.1581190e-02
   3.0579510e-03  1.3875060e-02
   4.0620680e-03  1.5671900e-02
   5.0671880e-03  1.7367940e-02
   6.0698390e-03  1.8865420e-02
   7.0719300e-03  2.0263210e-02
   8.0730210e-03  2.1561700e-02
   9.0755500e-03  2.2859020e-02
   1.0076650e-02  2.4057450e-02
   1.2581110e-02  2.6951870e-02
   1.5082610e-02  2.9548840e-02
   1.7582770e-02  3.1947110e-02
   2.0086260e-02  3.4341770e-02
   2.5088000e-02  3.8636560e-02
   3.0087710e-02  4.2533710e-02
   3.5088850e-02  4.6228870e-02
   4.0090330e-02  4.9723370e-02
   4.5091380e-02  5.3018340e-02
   5.0091430e-02  5.6114750e-02
   5.5092460e-02  5.9109450e-02
   6.0091770e-02  6.1907020e-02
   6.5091390e-02  6.4603980e-02
   7.0091130e-02  6.7200670e-02
   7.5092950e-02  6.9793170e-02
   8.0092390e-02  7.2190320e-02
   8.5091520e-02  7.4488120e-02
   9.0092220e-02  7.6782390e-02
   9.5092370e-02  7.8977740e-02
   1.0009190e-01  8.1074420e-02
   1.1009100e-01  8.5067720e-02
   1.2009070e-01  8.8859040e-02
   1.3009060e-01  9.2449150e-02
   1.4008900e-01  9.5743520e-02
   1.5008880e-01  9.8933210e-02
   1.6008820e-01  1.0192370e-01
   1.7008710e-01  1.0471550e-01
   1.8008550e-01  1.0730870e-01
   1.9008340e-01  1.0970380e-01
   2.0008190e-01  1.1199580e-01
   2.1008090e-01  1.1418510e-01
   2.2007930e-01  1.1617650e-01
   2.3007710e-01  1.1797060e-01
   2.4007530e-01  1.1966250e-01
   2.5007290e-01  1.2115720e-01
   2.6007070e-01  1.2254970e-01
   2.7006870e-01  1.2383980e-01
   2.8006630e-01  1.2493260e-01
   2.9006410e-01  1.2592300e-01
   3.0006150e-01  1.2671600e-01
   3.1005890e-01  1.2740630e-01
   3.2005610e-01  1.2789950e-01
   3.3005330e-01  1.2828970e-01
   3.4005030e-01  1.2848190e-01
   3.5004720e-01  1.2857130e-01
   3.6004400e-01  1.2846380e-01
   3.7004070e-01  1.2816030e-01
   3.8003730e-01  1.2785090e-01
   3.9003390e-01  1.2734650e-01
   4.0003050e-01  1.2674230e-01
   4.1002710e-01  1.2603860e-01
   4.3002040e-01  1.2433360e-01
   4.5001350e-01  1.2232750e-01
   4.9999770e-01  1.1582690e-01
   5.4998250e-01  1.0783140e-01
   5.9996850e-01  9.8642860e-02
   6.4995770e-01  8.8369710e-02
   6.9994820e-01  7.7401220e-02
   7.4993980e-01  6.5936390e-02
   7.9993130e-01  5.4070500e-02
   8.4992380e-01  4.1807750e-02
   8.9991530e-01  2.9341040e-02
   9.1991180e-01  2.4351950e-02
   9.3990700e-01  1.9264830e-02
   9.5991130e-01  1.4087440e-02
   9.7988450e-01  8.7859880e-03
   1.0000000e+00  3.2810370e-03
</coords>
