<reference></reference>
<coords>
     1.000000   -0.035308
     0.996404   -0.062651
     0.993367   -0.090889
     0.989730   -0.119231
     0.981957   -0.145428
     0.968420   -0.168018
     0.952926   -0.188340
     0.936373   -0.207697
     0.918809   -0.226916
     0.900190   -0.245565
     0.880473   -0.263078
     0.859751   -0.279574
     0.838130   -0.295301
     0.815646   -0.310074
     0.792309   -0.323609
     0.768196   -0.335988
     0.743404   -0.347418
     0.717993   -0.357789
     0.692003   -0.366866
     0.665504   -0.374683
     0.638578   -0.381414
     0.611298   -0.386951
     0.583727   -0.391030
     0.555935   -0.393707
     0.527997   -0.395232
     0.499994   -0.395541
     0.472007   -0.394398
     0.444100   -0.391900
     0.416334   -0.388296
     0.388797   -0.383457
     0.361581   -0.377172
     0.334731   -0.369665
     0.308298   -0.361136
     0.282399   -0.351311
     0.257103   -0.340164
     0.232408   -0.328095
     0.208426   -0.314956
     0.185278   -0.300472
     0.162904   -0.285167
     0.141411   -0.268947
     0.120979   -0.251403
     0.101432   -0.233275
     0.083054   -0.214053
     0.065815   -0.193871
     0.049764   -0.172958
     0.035209   -0.150730
     0.022219   -0.127570
     0.011352   -0.102791
     0.004041   -0.076074
     0.000504   -0.048443
     0.000123   -0.019646
     0.002416    0.009504
     0.007640    0.038251
     0.015825    0.066030
     0.025622    0.093317
     0.037611    0.119572
     0.050878    0.145321
     0.065988    0.169924
     0.082443    0.193755
     0.100303    0.216528
     0.119642    0.238066
     0.140033    0.258732
     0.161758    0.277923
     0.184602    0.295848
     0.208365    0.312630
     0.233173    0.327774
     0.258830    0.341563
     0.285206    0.353993
     0.312334    0.364624
     0.340069    0.373704
     0.368275    0.381296
     0.396897    0.387000
     0.425844    0.390998
     0.454994    0.393505
     0.484226    0.394155
     0.513446    0.392905
     0.542595    0.390108
     0.571586    0.385824
     0.600334    0.380018
     0.628835    0.372951
     0.657066    0.364833
     0.684900    0.355485
     0.712246    0.344852
     0.739114    0.333215
     0.765455    0.320658
     0.791129    0.306958
     0.816075    0.292173
     0.840313    0.276618
     0.863808    0.260314
     0.886475    0.243082
     0.908092    0.224906
     0.928576    0.205965
     0.948808    0.187060
     0.966459    0.166205
     0.975727    0.138622
     0.981560    0.108895
     0.987493    0.080196
     0.992866    0.051800
     0.996889    0.022896
     0.999425   -0.006587
</coords>