<reference>interp_189000</reference>
<coords>
   1.0000000e+00 -1.0817210e-02
   9.7810940e-01 -1.5984840e-02
   9.4952710e-01 -1.5078260e-02
   9.1917380e-01 -1.7148270e-02
   8.8729130e-01 -2.1976170e-02
   8.5430530e-01 -2.9424310e-02
   8.2033100e-01 -3.9366600e-02
   7.8574260e-01 -5.1434610e-02
   7.5042730e-01 -6.5268040e-02
   7.1471920e-01 -8.0118000e-02
   6.7860630e-01 -9.5786840e-02
   6.4262660e-01 -1.1086010e-01
   6.0647070e-01 -1.2557300e-01
   5.7024400e-01 -1.3921330e-01
   5.3366760e-01 -1.5167250e-01
   4.9688150e-01 -1.6235970e-01
   4.5989790e-01 -1.7111360e-01
   4.2295080e-01 -1.7737770e-01
   3.8626880e-01 -1.8131180e-01
   3.5010170e-01 -1.8255250e-01
   3.1483560e-01 -1.8153920e-01
   2.8063230e-01 -1.7846300e-01
   2.4784850e-01 -1.7382580e-01
   2.1652730e-01 -1.6759790e-01
   1.8703940e-01 -1.6021880e-01
   1.5929030e-01 -1.5155160e-01
   1.3375430e-01 -1.4209880e-01
   1.1018340e-01 -1.3159510e-01
   8.9149750e-02 -1.2079180e-01
   7.0211520e-02 -1.0920730e-01
   5.3997510e-02 -9.7869270e-02
   3.9828350e-02 -8.5929700e-02
   2.8447040e-02 -7.4955630e-02
   1.8854900e-02 -6.3291810e-02
   1.1768050e-02 -5.2700680e-02
   5.9045290e-03 -4.0181800e-02
   2.8927780e-03 -3.0911690e-02
   5.0916260e-05 -1.1946770e-02
   1.9999130e-03  1.1258840e-02
   5.4823080e-03  2.5008100e-02
   1.2286110e-02  4.0634880e-02
   2.0890500e-02  5.4579170e-02
   3.2885610e-02  7.0108500e-02
   4.6967490e-02  8.4412980e-02
   6.4235050e-02  9.9001620e-02
   8.3224910e-02  1.1209020e-01
   1.0472480e-01  1.2458860e-01
   1.2758670e-01  1.3543850e-01
   1.5246270e-01  1.4531960e-01
   1.7838760e-01  1.5355200e-01
   2.0585840e-01  1.6049070e-01
   2.3425990e-01  1.6577260e-01
   2.6384410e-01  1.6959230e-01
   2.9422020e-01  1.7172370e-01
   3.2551750e-01  1.7244490e-01
   3.5759690e-01  1.7140200e-01
   3.9051350e-01  1.6891010e-01
   4.2437560e-01  1.6460300e-01
   4.5906820e-01  1.5885890e-01
   4.9448870e-01  1.5179680e-01
   5.3007440e-01  1.4380290e-01
   5.6593360e-01  1.3494160e-01
   6.0160400e-01  1.2560990e-01
   6.3723860e-01  1.1563110e-01
   6.7235400e-01  1.0552160e-01
   7.0717020e-01  9.5093730e-02
   7.4122130e-01  8.4764790e-02
   7.7463760e-01  7.4496630e-02
   8.0701070e-01  6.4560380e-02
   8.3837840e-01  5.4840730e-02
   8.6846370e-01  4.5705250e-02
   8.9727810e-01  3.7018230e-02
   9.2457040e-01  2.8918220e-02
   9.3980300e-01  2.3756870e-02
   9.5967430e-01  1.5492100e-02
   9.9357520e-01 -1.7049570e-03
</coords>
