<reference>interp_325862</reference>
<coords>
   1.0000000e+00  0.0000000e+00
   1.0000000e+00 -2.1907680e-03
   9.8854650e-01  6.9517400e-04
   9.7991360e-01  1.8931310e-03
   9.7064170e-01  3.4090970e-03
   9.6140510e-01  4.6364400e-03
   9.5180780e-01  5.4092990e-03
   9.4189680e-01  5.8934190e-03
   9.3135750e-01  6.1142990e-03
   9.2022500e-01  6.0067540e-03
   9.0858580e-01  5.5613130e-03
   8.9651840e-01  4.7685220e-03
   8.8411820e-01  3.6141120e-03
   8.7139810e-01  2.0872830e-03
   8.5822350e-01  1.4832850e-04
   8.4470660e-01 -2.1996340e-03
   8.3056550e-01 -5.0117350e-03
   8.1586770e-01 -8.2857660e-03
   8.0052290e-01 -1.2062960e-02
   7.8450230e-01 -1.6373010e-02
   7.6765990e-01 -2.1257020e-02
   7.5017150e-01 -2.6659700e-02
   7.3185780e-01 -3.2616490e-02
   7.1250640e-01 -3.9181640e-02
   6.9219990e-01 -4.6319390e-02
   6.7080030e-01 -5.4053610e-02
   6.4903880e-01 -6.2079910e-02
   6.2776270e-01 -7.0033450e-02
   6.0753660e-01 -7.7657280e-02
   5.8850430e-01 -8.4850630e-02
   5.7036300e-01 -9.1693550e-02
   5.5293010e-01 -9.8224900e-02
   5.3639840e-01 -1.0434980e-01
   5.2052300e-01 -1.1015400e-01
   5.0524260e-01 -1.1565550e-01
   4.9025290e-01 -1.2095400e-01
   4.7571870e-01 -1.2597860e-01
   4.6142370e-01 -1.3078600e-01
   4.4719480e-01 -1.3540640e-01
   4.3308620e-01 -1.3980330e-01
   4.1917910e-01 -1.4393480e-01
   4.0538500e-01 -1.4780950e-01
   3.9186420e-01 -1.5136600e-01
   3.7861430e-01 -1.5457310e-01
   3.6542260e-01 -1.5745610e-01
   3.5189260e-01 -1.6005630e-01
   3.3801060e-01 -1.6230970e-01
   3.2376620e-01 -1.6415310e-01
   3.0925350e-01 -1.6548960e-01
   2.9456750e-01 -1.6622090e-01
   2.7983460e-01 -1.6628780e-01
   2.6505690e-01 -1.6564540e-01
   2.5028640e-01 -1.6426950e-01
   2.3573100e-01 -1.6216860e-01
   2.2131250e-01 -1.5937520e-01
   2.0713610e-01 -1.5596370e-01
   1.9331520e-01 -1.5203590e-01
   1.7993430e-01 -1.4768690e-01
   1.6698240e-01 -1.4297380e-01
   1.5433120e-01 -1.3789080e-01
   1.4220200e-01 -1.3256860e-01
   1.3058480e-01 -1.2703730e-01
   1.1943150e-01 -1.2130170e-01
   1.0887680e-01 -1.1547490e-01
   9.8785110e-02 -1.0952400e-01
   8.9166640e-02 -1.0348540e-01
   7.9991690e-02 -9.7372680e-02
   7.1366960e-02 -9.1265590e-02
   6.3340800e-02 -8.5240840e-02
   5.5862680e-02 -7.9282760e-02
   4.8946230e-02 -7.3440770e-02
   4.2727860e-02 -6.7871300e-02
   3.6970630e-02 -6.2410230e-02
   3.1896370e-02 -5.7312990e-02
   2.7233840e-02 -5.2352520e-02
   2.3063320e-02 -4.7627840e-02
   1.9153320e-02 -4.2892250e-02
   1.5666280e-02 -3.8354670e-02
   1.2507230e-02 -3.3907640e-02
   9.6822630e-03 -2.9536080e-02
   7.1355490e-03 -2.5115930e-02
   4.9129200e-03 -2.0652740e-02
   3.0277910e-03 -1.6085880e-02
   1.5955150e-03 -1.1597500e-02
   6.2446980e-04 -7.2200010e-03
   1.3159050e-04 -3.2967180e-03
   1.1749750e-06  4.3611960e-04
   1.8741550e-04  4.1203910e-03
   7.7962150e-04  8.1622300e-03
   1.9336780e-03  1.2503030e-02
   3.7679880e-03  1.7151030e-02
   6.1442860e-03  2.1793040e-02
   8.7879500e-03  2.6112380e-02
   1.1620640e-02  3.0175220e-02
   1.4737530e-02  3.4187200e-02
   1.8163940e-02  3.8204950e-02
   2.2020860e-02  4.2353990e-02
   2.6255070e-02  4.6564870e-02
   3.0831450e-02  5.0780620e-02
   3.5825130e-02  5.5060280e-02
   4.1261150e-02  5.9411600e-02
   4.7083010e-02  6.3765100e-02
   5.3362360e-02  6.8155080e-02
   6.0115890e-02  7.2576780e-02
   6.7246850e-02  7.6946720e-02
   7.4769100e-02  8.1263690e-02
   8.2814900e-02  8.5587210e-02
   9.1279940e-02  8.9840340e-02
   1.0020610e-01  9.4023670e-02
   1.0961950e-01  9.8140100e-02
   1.1948340e-01  1.0214700e-01
   1.2989490e-01  1.0606900e-01
   1.4082990e-01  1.0986930e-01
   1.5218310e-01  1.1348930e-01
   1.6390880e-01  1.1690490e-01
   1.7604560e-01  1.2010590e-01
   1.8847660e-01  1.2305330e-01
   2.0134230e-01  1.2575080e-01
   2.1449080e-01  1.2814120e-01
   2.2800300e-01  1.3020640e-01
   2.4180540e-01  1.3191090e-01
   2.5598000e-01  1.3324970e-01
   2.7043130e-01  1.3422910e-01
   2.8526310e-01  1.3487570e-01
   3.0046950e-01  1.3519890e-01
   3.1595730e-01  1.3520830e-01
   3.3172990e-01  1.3491780e-01
   3.4769290e-01  1.3433930e-01
   3.6394780e-01  1.3347990e-01
   3.8049890e-01  1.3234310e-01
   3.9734260e-01  1.3093680e-01
   4.1458520e-01  1.2925260e-01
   4.3203980e-01  1.2731420e-01
   4.4988880e-01  1.2511300e-01
   4.6786390e-01  1.2268810e-01
   4.8614380e-01  1.2002810e-01
   5.0463610e-01  1.1715030e-01
   5.2336170e-01  1.1405290e-01
   5.4239920e-01  1.1073360e-01
   5.6184310e-01  1.0717850e-01
   5.8169410e-01  1.0338810e-01
   6.0176930e-01  9.9401970e-02
   6.2216320e-01  9.5207060e-02
   6.4285350e-01  9.0815090e-02
   6.6386580e-01  8.6223530e-02
   6.8535950e-01  8.1408140e-02
   7.0697160e-01  7.6453550e-02
   7.2888660e-01  7.1330180e-02
   7.5117000e-01  6.6031810e-02
   7.7355130e-01  6.0625270e-02
   7.9612260e-01  5.5097970e-02
   8.1888510e-01  4.9454880e-02
   8.4154510e-01  4.3783770e-02
   8.6387290e-01  3.8159050e-02
   8.8598790e-01  3.2561830e-02
   9.0809640e-01  2.6939060e-02
   9.3008340e-01  2.1323050e-02
   9.5163890e-01  1.5752070e-02
   9.7162670e-01  1.0443690e-02
   9.8735370e-01  6.0576620e-03
   1.0000000e+00  3.2797690e-03
</coords>
