<reference>interp_543103</reference>
<coords>
   1.0000000e+00  0.0000000e+00
   1.0000000e+00 -1.0331040e-03
   9.9072280e-01 -6.5611870e-04
   9.8074490e-01  7.5285040e-04
   9.7089290e-01  2.0807260e-03
   9.6103570e-01  3.3812470e-03
   9.5119990e-01  4.6020600e-03
   9.4138060e-01  5.7165240e-03
   9.3157330e-01  6.7131100e-03
   9.2177680e-01  7.5666060e-03
   9.1198170e-01  8.2845800e-03
   9.0218540e-01  8.8612640e-03
   8.7767430e-01  9.5973630e-03
   8.5309690e-01  9.3063770e-03
   8.2843230e-01  7.9742740e-03
   8.0366030e-01  5.5896110e-03
   7.7878210e-01  2.1472740e-03
   7.5382180e-01 -2.2660070e-03
   7.2877700e-01 -7.5003150e-03
   7.0369400e-01 -1.3376450e-02
   6.7860080e-01 -1.9738540e-02
   6.5350000e-01 -2.6456580e-02
   6.2841530e-01 -3.3363840e-02
   6.0339580e-01 -4.0273290e-02
   5.7841480e-01 -4.7086170e-02
   5.5352560e-01 -5.3659600e-02
   5.2868490e-01 -5.9958720e-02
   5.0391930e-01 -6.5880310e-02
   4.7922600e-01 -7.1335590e-02
   4.5458780e-01 -7.6286320e-02
   4.4475160e-01 -7.8109760e-02
   4.3491920e-01 -7.9848550e-02
   4.2510390e-01 -8.1482690e-02
   4.1529030e-01 -8.3027220e-02
   4.0547820e-01 -8.4481710e-02
   3.9567810e-01 -8.5828470e-02
   3.8586810e-01 -8.7100610e-02
   3.7607660e-01 -8.8246810e-02
   3.6627640e-01 -8.9317440e-02
   3.5648250e-01 -9.0274970e-02
   3.4668670e-01 -9.1133990e-02
   3.3689380e-01 -9.1879370e-02
   3.2709780e-01 -9.2520160e-02
   3.1730090e-01 -9.3038180e-02
   3.0750010e-01 -9.3444880e-02
   2.9769530e-01 -9.3723320e-02
   2.8788630e-01 -9.3882850e-02
   2.7807050e-01 -9.3906950e-02
   2.6825060e-01 -9.3808010e-02
   2.5842180e-01 -9.3571670e-02
   2.4858220e-01 -9.3196660e-02
   2.3873850e-01 -9.2697210e-02
   2.2888240e-01 -9.2051850e-02
   2.1901210e-01 -9.1260810e-02
   2.0912620e-01 -9.0319450e-02
   1.9923770e-01 -8.9243270e-02
   1.8931710e-01 -8.7994250e-02
   1.7939530e-01 -8.6600060e-02
   1.6943750e-01 -8.5021190e-02
   1.5948080e-01 -8.3288040e-02
   1.4948480e-01 -8.1359690e-02
   1.3947030e-01 -7.9248130e-02
   1.2941390e-01 -7.6922980e-02
   1.1934170e-01 -7.4393780e-02
   1.0920040e-01 -7.1602230e-02
   1.0413340e-01 -7.0124870e-02
   9.9049650e-02 -6.8575560e-02
   9.3948840e-02 -6.6952540e-02
   8.8864700e-02 -6.5274550e-02
   8.3732600e-02 -6.3488620e-02
   7.8585880e-02 -6.1615940e-02
   7.3461060e-02 -5.9680200e-02
   6.8289560e-02 -5.7619170e-02
   6.3071440e-02 -5.5423410e-02
   5.7849080e-02 -5.3110610e-02
   5.2586280e-02 -5.0640130e-02
   4.7288360e-02 -4.7995970e-02
   4.1920290e-02 -4.5121300e-02
   3.6492650e-02 -4.1987420e-02
   3.1022730e-02 -3.8559880e-02
   2.5395550e-02 -3.4656430e-02
   2.2570140e-02 -3.2540990e-02
   1.9697020e-02 -3.0253930e-02
   1.6786980e-02 -2.7779280e-02
   1.3855460e-02 -2.5097990e-02
   1.2601540e-02 -2.3860890e-02
   1.1416990e-02 -2.2664370e-02
   1.0157530e-02 -2.1316920e-02
   8.8797940e-03 -1.9873270e-02
   7.5434260e-03 -1.8256460e-02
   6.2128740e-03 -1.6522320e-02
   4.7778950e-03 -1.4426470e-02
   3.2955640e-03 -1.1927090e-02
   2.8998230e-03 -1.1189790e-02
   2.5104200e-03 -1.0378310e-02
   2.1065910e-03 -9.4678970e-03
   1.7059410e-03 -8.5266470e-03
   1.3009340e-03 -7.4081850e-03
   8.7280690e-04 -6.0720090e-03
   6.9337580e-04 -5.4029530e-03
   5.1199800e-04 -4.6340270e-03
   3.5360460e-04 -3.8596540e-03
   1.7200110e-04 -2.6931440e-03
   7.9067370e-08 -4.9396520e-05
   1.6045530e-04  2.6324400e-03
   3.1456210e-04  3.7203220e-03
   4.5598540e-04  4.5097580e-03
   6.1742230e-04  5.2951190e-03
   7.5672490e-04  5.8839010e-03
   1.1421700e-03  7.2547860e-03
   1.4819710e-03  8.3121820e-03
   1.8222090e-03  9.1924680e-03
   2.1304460e-03  9.9512870e-03
   2.4560160e-03  1.0702350e-02
   2.7540200e-03  1.1299810e-02
   3.9247920e-03  1.3501960e-02
   4.9904820e-03  1.5251540e-02
   6.0721940e-03  1.6888430e-02
   7.1145050e-03  1.8348150e-02
   8.1478720e-03  1.9712870e-02
   9.1652760e-03  2.0988850e-02
   1.0205640e-02  2.2246010e-02
   1.1223140e-02  2.3421020e-02
   1.3794440e-02  2.6231940e-02
   1.6318370e-02  2.8783520e-02
   1.8820870e-02  3.1155990e-02
   2.1376530e-02  3.3470820e-02
   2.6404270e-02  3.7687630e-02
   3.1399690e-02  4.1542210e-02
   3.6417920e-02  4.5164900e-02
   4.1441550e-02  4.8577120e-02
   4.6458280e-02  5.1796820e-02
   5.1459130e-02  5.4839650e-02
   5.6475450e-02  5.7754970e-02
   6.1464500e-02  6.0516200e-02
   6.6458470e-02  6.3167760e-02
   7.1454230e-02  6.5714890e-02
   7.6483280e-02  6.8195190e-02
   8.1474430e-02  7.0549740e-02
   8.6460460e-02  7.2814660e-02
   9.1471610e-02  7.5023160e-02
   9.6474070e-02  7.7149030e-02
   1.0146690e-01  7.9196020e-02
   1.1145170e-01  8.3089130e-02
   1.2144660e-01  8.6750610e-02
   1.3144620e-01  9.0192660e-02
   1.4142050e-01  9.3402840e-02
   1.5141710e-01  9.6438320e-02
   1.6140730e-01  9.9286720e-02
   1.7138980e-01  1.0195520e-01
   1.8136430e-01  1.0444760e-01
   1.9133050e-01  1.0676890e-01
   2.0130660e-01  1.0894200e-01
   2.1129080e-01  1.1097020e-01
   2.2126570e-01  1.1283310e-01
   2.3123100e-01  1.1453930e-01
   2.4120100e-01  1.1611010e-01
   2.5116260e-01  1.1752610e-01
   2.6112820e-01  1.1880570e-01
   2.7109700e-01  1.1994700e-01
   2.8105860e-01  1.2093300e-01
   2.9102260e-01  1.2177900e-01
   3.0098100e-01  1.2246750e-01
   3.1094060e-01  1.2301390e-01
   3.2089570e-01  1.2340400e-01
   3.3085090e-01  1.2364750e-01
   3.4080290e-01  1.2372360e-01
   3.5075330e-01  1.2365420e-01
   3.6070170e-01  1.2343540e-01
   3.7065020e-01  1.2307950e-01
   3.8059470e-01  1.2262880e-01
   3.9054110e-01  1.2205800e-01
   4.0048710e-01  1.2139120e-01
   4.1043290e-01  1.2063240e-01
   4.2037910e-01  1.1978560e-01
   4.3032620e-01  1.1885320e-01
   4.5021590e-01  1.1675540e-01
   4.9996280e-01  1.1024680e-01
   5.4972000e-01  1.0231780e-01
   5.9949720e-01  9.3300720e-02
   6.4932530e-01  8.3429120e-02
   6.9917360e-01  7.2932020e-02
   7.4903860e-01  6.1993250e-02
   7.9890310e-01  5.0637570e-02
   8.4878350e-01  3.8932010e-02
   8.9864790e-01  2.6963240e-02
   9.1859200e-01  2.2137460e-02
   9.3851560e-01  1.7242910e-02
   9.5858390e-01  1.2403790e-02
   9.7815750e-01  7.0805850e-03
   1.0000000e+00  2.9973880e-03
</coords>
