<reference></reference>
<coords>
     1.000000   -0.010443
     0.998241   -0.040640
     0.995261   -0.071014
     0.990726   -0.101245
     0.983602   -0.130581
     0.973426   -0.158504
     0.961350   -0.185327
     0.947670   -0.211354
     0.932432   -0.236748
     0.915665   -0.261303
     0.897399   -0.284779
     0.877713   -0.307136
     0.856689   -0.328381
     0.834398   -0.348391
     0.810903   -0.367023
     0.786293   -0.384242
     0.760664   -0.400056
     0.734108   -0.414383
     0.706712   -0.427111
     0.678573   -0.438208
     0.649796   -0.447691
     0.620486   -0.455501
     0.590744   -0.461533
     0.560676   -0.465784
     0.530390   -0.468317
     0.499998   -0.469104
     0.469611   -0.468070
     0.439334   -0.465250
     0.409274   -0.460724
     0.379542   -0.454468
     0.350251   -0.446437
     0.321497   -0.436724
     0.293377   -0.425416
     0.266007   -0.412467
     0.239486   -0.397911
     0.213886   -0.381907
     0.189315   -0.364464
     0.165875   -0.345551
     0.143617   -0.325383
     0.122631   -0.303993
     0.103030   -0.281325
     0.084815   -0.257668
     0.068119   -0.232943
     0.052978   -0.207265
     0.039446   -0.180778
     0.027648   -0.153390
     0.017634   -0.125299
     0.009594   -0.096383
     0.003972   -0.066633
     0.000844   -0.036437
     0.000036   -0.005811
     0.001410    0.024920
     0.005036    0.055446
     0.010917    0.085510
     0.018640    0.115168
     0.028358    0.144175
     0.039775    0.172603
     0.053029    0.200182
     0.067939    0.226940
     0.084481    0.252715
     0.102635    0.277381
     0.122223    0.300972
     0.143278    0.323241
     0.165675    0.344183
     0.189297    0.363776
     0.214113    0.381812
     0.239997    0.398324
     0.266838    0.413261
     0.294571    0.426448
     0.323075    0.437918
     0.352231    0.447656
     0.381938    0.455516
     0.412087    0.461524
     0.442557    0.465725
     0.473225    0.467999
     0.503977    0.468324
     0.534708    0.466802
     0.565305    0.463453
     0.595656    0.458276
     0.625673    0.451360
     0.655265    0.442787
     0.684310    0.432529
     0.712700    0.420600
     0.740356    0.407115
     0.767186    0.392141
     0.793076    0.375655
     0.817932    0.357725
     0.841694    0.338495
     0.864284    0.318032
     0.885617    0.296343
     0.905568    0.273488
     0.924061    0.249590
     0.941305    0.224959
     0.956568    0.199082
     0.968094    0.170622
     0.977312    0.141017
     0.985239    0.111287
     0.991653    0.081301
     0.996303    0.050904
     0.999135    0.020161
</coords>