<reference>interp_327600</reference>
<coords>
   1.0000000e+00  0.0000000e+00
   1.0000000e+00 -2.1517150e-03
   9.8851100e-01  7.4515390e-04
   9.7988740e-01  1.9347410e-03
   9.7061730e-01  3.4523200e-03
   9.6138160e-01  4.6828230e-03
   9.5178710e-01  5.4566950e-03
   9.4187870e-01  5.9447650e-03
   9.3134160e-01  6.1714960e-03
   9.2021150e-01  6.0707970e-03
   9.0857450e-01  5.6330650e-03
   8.9650890e-01  4.8501060e-03
   8.8411010e-01  3.7074520e-03
   8.7139110e-01  2.1927610e-03
   8.5821680e-01  2.6855730e-04
   8.4469970e-01 -2.0633890e-03
   8.3055810e-01 -4.8589760e-03
   8.1585890e-01 -8.1145740e-03
   8.0051210e-01 -1.1871990e-02
   7.8448840e-01 -1.6159930e-02
   7.6764270e-01 -2.1021480e-02
   7.5015020e-01 -2.6400560e-02
   7.3183220e-01 -3.2333120e-02
   7.1247590e-01 -3.8872760e-02
   6.9216370e-01 -4.5983230e-02
   6.7075850e-01 -5.3690130e-02
   6.4899210e-01 -6.1690380e-02
   6.2771210e-01 -6.9621020e-02
   6.0748290e-01 -7.7224330e-02
   5.8844880e-01 -8.4400910e-02
   5.7030690e-01 -9.1230520e-02
   5.5287490e-01 -9.7752580e-02
   5.3634560e-01 -1.0387230e-01
   5.2047320e-01 -1.0967370e-01
   5.0519730e-01 -1.1517670e-01
   4.9021330e-01 -1.2048070e-01
   4.7568560e-01 -1.2551400e-01
   4.6139760e-01 -1.3033260e-01
   4.4717660e-01 -1.3496850e-01
   4.3307630e-01 -1.3938350e-01
   4.1917740e-01 -1.4353490e-01
   4.0539170e-01 -1.4743290e-01
   3.9187900e-01 -1.5101380e-01
   3.7863670e-01 -1.5424740e-01
   3.6545210e-01 -1.5715800e-01
   3.5192860e-01 -1.5978740e-01
   3.3805240e-01 -1.6207220e-01
   3.2381300e-01 -1.6394530e-01
   3.0930430e-01 -1.6531010e-01
   2.9462120e-01 -1.6606820e-01
   2.7989070e-01 -1.6615690e-01
   2.6511470e-01 -1.6553350e-01
   2.5034600e-01 -1.6417030e-01
   2.3579260e-01 -1.6207780e-01
   2.2137660e-01 -1.5928860e-01
   2.0720330e-01 -1.5587840e-01
   1.9338630e-01 -1.5194880e-01
   1.8000990e-01 -1.4759630e-01
   1.6706270e-01 -1.4287890e-01
   1.5441640e-01 -1.3779190e-01
   1.4229240e-01 -1.3246530e-01
   1.3068050e-01 -1.2692940e-01
   1.1953200e-01 -1.2119050e-01
   1.0898210e-01 -1.1536050e-01
   9.8894730e-02 -1.0940760e-01
   8.9278780e-02 -1.0336980e-01
   8.0106960e-02 -9.7256920e-02
   7.1483270e-02 -9.1152500e-02
   6.3458150e-02 -8.5130190e-02
   5.5978940e-02 -7.9176860e-02
   4.9060870e-02 -7.3339850e-02
   4.2839460e-02 -6.7776370e-02
   3.7078660e-02 -6.2321400e-02
   3.1999200e-02 -5.7231150e-02
   2.7330230e-02 -5.2278180e-02
   2.3151790e-02 -4.7561500e-02
   1.9233300e-02 -4.2833750e-02
   1.5736710e-02 -3.8304000e-02
   1.2567110e-02 -3.3864650e-02
   9.7306730e-03 -2.9500440e-02
   7.1721890e-03 -2.5086960e-02
   4.9367330e-03 -2.0629840e-02
   3.0406890e-03 -1.6067620e-02
   1.6010130e-03 -1.1582180e-02
   6.2620010e-04 -7.2063770e-03
   1.3202970e-04 -3.2841610e-03
   1.1913090e-06  4.4774330e-04
   1.8863070e-04  4.1304060e-03
   7.8489900e-04  8.1700460e-03
   1.9466570e-03  1.2507250e-02
   3.7953470e-03  1.7148960e-02
   6.1907780e-03  2.1781820e-02
   8.8545120e-03  2.6090300e-02
   1.1705730e-02  3.0141510e-02
   1.4839530e-02  3.4141140e-02
   1.8283000e-02  3.8145240e-02
   2.2156000e-02  4.2279670e-02
   2.6407370e-02  4.6474020e-02
   3.0998710e-02  5.0673300e-02
   3.6006200e-02  5.4936000e-02
   4.1456630e-02  5.9268570e-02
   4.7291310e-02  6.3603350e-02
   5.3581490e-02  6.7975120e-02
   6.0345500e-02  7.2377660e-02
   6.7485220e-02  7.6729110e-02
   7.5014730e-02  8.1028240e-02
   8.3066730e-02  8.5334010e-02
   9.1536850e-02  8.9569810e-02
   1.0046610e-01  9.3737610e-02
   1.0988250e-01  9.7837600e-02
   1.1974740e-01  1.0183070e-01
   1.3015900e-01  1.0573910e-01
   1.4109300e-01  1.0952690e-01
   1.5244420e-01  1.1313610e-01
   1.6416750e-01  1.1654070e-01
   1.7630070e-01  1.1973340e-01
   1.8872790e-01  1.2267180e-01
   2.0158900e-01  1.2536220e-01
   2.1473260e-01  1.2774550e-01
   2.2823940e-01  1.2980480e-01
   2.4203630e-01  1.3150230e-01
   2.5620490e-01  1.3283470e-01
   2.7065000e-01  1.3380830e-01
   2.8547530e-01  1.3444850e-01
   3.0067480e-01  1.3476660e-01
   3.1615550e-01  1.3477190e-01
   3.3192070e-01  1.3447740e-01
   3.4787630e-01  1.3389640e-01
   3.6412360e-01  1.3303620e-01
   3.8066710e-01  1.3190030e-01
   3.9750300e-01  1.3049520e-01
   4.1473790e-01  1.2881410e-01
   4.3218490e-01  1.2688060e-01
   4.5002630e-01  1.2468500e-01
   4.6799410e-01  1.2226810e-01
   4.8626680e-01  1.1961700e-01
   5.0475200e-01  1.1674920e-01
   5.2347100e-01  1.1366430e-01
   5.4250210e-01  1.1035870e-01
   5.6193960e-01  1.0681810e-01
   5.8178440e-01  1.0304310e-01
   6.0185370e-01  9.9073920e-02
   6.2224190e-01  9.4897150e-02
   6.4292650e-01  9.0523360e-02
   6.6393350e-01  8.5951380e-02
   6.8542150e-01  8.1155240e-02
   7.0702820e-01  7.6220740e-02
   7.2893780e-01  7.1117900e-02
   7.5121550e-01  6.5839020e-02
   7.7359090e-01  6.0451840e-02
   7.9615630e-01  5.4943630e-02
   8.1891270e-01  4.9319400e-02
   8.4156660e-01  4.3666770e-02
   8.6388780e-01  3.8058390e-02
   8.8599610e-01  3.2476490e-02
   9.0809780e-01  2.6868700e-02
   9.3007760e-01  2.1266370e-02
   9.5162560e-01  1.5706920e-02
   9.7160620e-01  1.0408150e-02
   9.8732670e-01  6.0278800e-03
   1.0000000e+00  3.2558540e-03
</coords>
