<reference>interp_021724</reference>
<coords>
   1.0000000e+00 -1.0443340e-02
   9.9824980e-01 -4.0602450e-02
   9.9526580e-01 -7.0932700e-02
   9.9074420e-01 -1.0113110e-01
   9.8370080e-01 -1.3047590e-01
   9.7360670e-01 -1.5842830e-01
   9.6156760e-01 -1.8526500e-01
   9.4792270e-01 -2.1128040e-01
   9.3272080e-01 -2.3665300e-01
   9.1599320e-01 -2.6120710e-01
   8.9776910e-01 -2.8469330e-01
   8.7812170e-01 -3.0704980e-01
   8.5713530e-01 -3.2828750e-01
   8.3488380e-01 -3.4830420e-01
   8.1142950e-01 -3.6695260e-01
   7.8685850e-01 -3.8417500e-01
   7.6126710e-01 -3.9998370e-01
   7.3475030e-01 -4.1431830e-01
   7.0739400e-01 -4.2706490e-01
   6.7929360e-01 -4.3816870e-01
   6.5055480e-01 -4.4764910e-01
   6.2128250e-01 -4.5547280e-01
   5.9157880e-01 -4.6153700e-01
   5.6154920e-01 -4.6580430e-01
   5.3130130e-01 -4.6833410e-01
   5.0094650e-01 -4.6913660e-01
   4.7059570e-01 -4.6813930e-01
   4.4035650e-01 -4.6533360e-01
   4.1033440e-01 -4.6080430e-01
   3.8063750e-01 -4.5457340e-01
   3.5138000e-01 -4.4658550e-01
   3.2266350e-01 -4.3688070e-01
   2.9458130e-01 -4.2557760e-01
   2.6724160e-01 -4.1267980e-01
   2.4075330e-01 -3.9815930e-01
   2.1519390e-01 -3.8214760e-01
   1.9065010e-01 -3.6475140e-01
   1.6723420e-01 -3.4590710e-01
   1.4501900e-01 -3.2572710e-01
   1.2405430e-01 -3.0439500e-01
   1.0446680e-01 -2.8182070e-01
   8.6299690e-02 -2.5814130e-01
   6.9590020e-02 -2.3355330e-01
   5.4483340e-02 -2.0790490e-01
   4.0928460e-02 -1.8153430e-01
   2.9123480e-02 -1.5426460e-01
   1.8988990e-02 -1.2638250e-01
   1.0836980e-02 -9.7668490e-02
   4.7418500e-03 -6.8301680e-02
   1.0231010e-03 -3.8280580e-02
   9.4916890e-07 -7.9245170e-03
   9.8998520e-04  2.2911530e-02
   4.3602150e-03  5.3538730e-02
   9.9125550e-03  8.3793520e-02
   1.7596870e-02  1.1352860e-01
   2.7148820e-02  1.4269430e-01
   3.8571160e-02  1.7117420e-01
   5.1703230e-02  1.9891650e-01
   6.6619550e-02  2.2572200e-01
   8.3100650e-02  2.5163400e-01
   1.0122500e-01  2.7639550e-01
   1.2082320e-01  3.0004560e-01
   1.4183380e-01  3.2246130e-01
   1.6423970e-01  3.4346570e-01
   1.8787020e-01  3.6313580e-01
   2.1267570e-01  3.8129540e-01
   2.3858120e-01  3.9785940e-01
   2.6544050e-01  4.1287620e-01
   2.9318440e-01  4.2617810e-01
   3.2171670e-01  4.3770270e-01
   3.5090350e-01  4.4751100e-01
   3.8064140e-01  4.5547360e-01
   4.1082570e-01  4.6153410e-01
   4.4133670e-01  4.6578160e-01
   4.7205180e-01  4.6814330e-01
   5.0284980e-01  4.6853050e-01
   5.3362510e-01  4.6703310e-01
   5.6426900e-01  4.6371290e-01
   5.9466510e-01  4.5855820e-01
   6.2471910e-01  4.5163370e-01
   6.5434680e-01  4.4304740e-01
   6.8343440e-01  4.3279820e-01
   7.1186410e-01  4.2086920e-01
   7.3955350e-01  4.0736270e-01
   7.6642040e-01  3.9237760e-01
   7.9235180e-01  3.7589780e-01
   8.1724600e-01  3.5795890e-01
   8.4104120e-01  3.3870550e-01
   8.6366530e-01  3.1823120e-01
   8.8503690e-01  2.9654120e-01
   9.0503760e-01  2.7368560e-01
   9.2356430e-01  2.4976840e-01
   9.4078920e-01  2.2507870e-01
   9.5632320e-01  1.9939100e-01
   9.6809750e-01  1.7109220e-01
   9.7730580e-01  1.4142800e-01
   9.8519220e-01  1.1162830e-01
   9.9161570e-01  8.1592700e-02
   9.9630470e-01  5.1136580e-02
   9.9912670e-01  2.0390840e-02
</coords>
