<reference>interp_466200</reference>
<coords>
   1.0000000e+00  0.0000000e+00
   1.0000000e+00 -1.0111350e-03
   9.9024310e-01 -8.8433000e-04
   9.8025050e-01  2.5323330e-04
   9.7030030e-01  2.0935170e-03
   9.6034840e-01  3.5264190e-03
   9.5040360e-01  4.9325100e-03
   9.4046440e-01  6.1037380e-03
   9.3052920e-01  7.1025900e-03
   9.2059770e-01  7.8542210e-03
   9.1066660e-01  8.4275400e-03
   9.0073510e-01  8.8206070e-03
   8.7589950e-01  8.8027520e-03
   8.5104170e-01  7.5103330e-03
   8.2615450e-01  5.0049940e-03
   8.0123120e-01  1.2828850e-03
   7.7627220e-01 -3.5913500e-03
   7.5128550e-01 -9.4558120e-03
   7.2627040e-01 -1.6193710e-02
   7.0124250e-01 -2.3545680e-02
   6.7621120e-01 -3.1326560e-02
   6.5117730e-01 -3.9426260e-02
   6.2614880e-01 -4.7655970e-02
   6.0114220e-01 -5.5753690e-02
   5.7614860e-01 -6.3686200e-02
   5.5118590e-01 -7.1206350e-02
   5.2623950e-01 -7.8368780e-02
   5.0131830e-01 -8.5006030e-02
   4.7642150e-01 -9.1021900e-02
   4.5154320e-01 -9.6403500e-02
   4.4159830e-01 -9.8344120e-02
   4.3165470e-01 -1.0018990e-01
   4.2171680e-01 -1.0186770e-01
   4.1177950e-01 -1.0344910e-01
   4.0184270e-01 -1.0493380e-01
   3.9190990e-01 -1.0624950e-01
   3.8197380e-01 -1.0754010e-01
   3.7204400e-01 -1.0858930e-01
   3.6211120e-01 -1.0961310e-01
   3.5218050e-01 -1.1046610e-01
   3.4224920e-01 -1.1121950e-01
   3.3231880e-01 -1.1180210e-01
   3.2238750e-01 -1.1228310e-01
   3.1245580e-01 -1.1259000e-01
   3.0252280e-01 -1.1279320e-01
   2.9258850e-01 -1.1282050e-01
   2.8265270e-01 -1.1274140e-01
   2.7271460e-01 -1.1248410e-01
   2.6277520e-01 -1.1211900e-01
   2.5283280e-01 -1.1157500e-01
   2.4288680e-01 -1.1085150e-01
   2.3293930e-01 -1.1001990e-01
   2.2298770e-01 -1.0900650e-01
   2.1303140e-01 -1.0781130e-01
   2.0306980e-01 -1.0643280e-01
   1.9310720e-01 -1.0494270e-01
   1.8313400e-01 -1.0319530e-01
   1.7316030e-01 -1.0133270e-01
   1.6317440e-01 -9.9208890e-02
   1.5318900e-01 -9.6966840e-02
   1.4319040e-01 -9.4460030e-02
   1.3318550e-01 -9.1758870e-02
   1.2316650e-01 -8.8786770e-02
   1.1314220e-01 -8.5613320e-02
   1.0309470e-01 -8.2086170e-02
   9.8072180e-02 -8.0261960e-02
   9.3043990e-02 -7.8347200e-02
   8.8010090e-02 -7.6341280e-02
   8.2981780e-02 -7.4316860e-02
   7.7937350e-02 -7.2123410e-02
   7.2888000e-02 -6.9834420e-02
   6.7846010e-02 -6.7524220e-02
   6.2788330e-02 -6.5039150e-02
   5.7714960e-02 -6.2376030e-02
   5.2640170e-02 -5.9607180e-02
   4.7551770e-02 -5.6652570e-02
   4.2451560e-02 -5.3506810e-02
   3.7327750e-02 -5.0084420e-02
   3.2183910e-02 -4.6375750e-02
   2.7025840e-02 -4.2369220e-02
   2.1814880e-02 -3.7804430e-02
   1.9205420e-02 -3.5367410e-02
   1.6579920e-02 -3.2739950e-02
   1.3942000e-02 -2.9916660e-02
   1.1296850e-02 -2.6891140e-02
   1.0211440e-02 -2.5479570e-02
   9.1493600e-03 -2.4148010e-02
   8.0620850e-03 -2.2632960e-02
   6.9686650e-03 -2.1019190e-02
   5.8555220e-03 -1.9214440e-02
   4.7443360e-03 -1.7303870e-02
   3.5980240e-03 -1.5006170e-02
   2.4357840e-03 -1.2307290e-02
   2.1035800e-03 -1.1528380e-02
   1.8398710e-03 -1.0658160e-02
   1.5713100e-03 -9.6882920e-03
   1.2374550e-03 -8.7080530e-03
   9.6849710e-04 -7.5354800e-03
   6.2539960e-04 -6.1569480e-03
   4.9868170e-04 -5.4673570e-03
   3.7130890e-04 -4.6778090e-03
   2.5166740e-04 -3.8864290e-03
   1.2421870e-04 -2.6976940e-03
   2.6595580e-08 -1.6615310e-05
   1.2033510e-04  2.6772750e-03
   2.3853480e-04  3.7731990e-03
   3.5246820e-04  4.5696460e-03
   4.7313350e-04  5.3647220e-03
   5.8635360e-04  5.9609480e-03
   9.1509440e-04  7.3511550e-03
   1.1621190e-03  8.4368250e-03
   1.4756530e-03  9.3301930e-03
   1.7120610e-03  1.0116340e-02
   1.9542980e-03  1.0899880e-02
   2.2536270e-03  1.1499030e-02
   3.3110690e-03  1.3766110e-02
   4.3331640e-03  1.5549150e-02
   5.3606500e-03  1.7227930e-02
   6.3748820e-03  1.8714380e-02
   7.3861050e-03  2.0102510e-02
   8.3919590e-03  2.1394430e-02
   9.4055370e-03  2.2680020e-02
   1.0411420e-02  2.3871610e-02
   1.2935400e-02  2.6741650e-02
   1.5443460e-02  2.9325360e-02
   1.7944300e-02  3.1716100e-02
   2.0463020e-02  3.4087460e-02
   2.5472350e-02  3.8359470e-02
   3.0470810e-02  4.2244200e-02
   3.5476940e-02  4.5918190e-02
   4.0484890e-02  4.9388670e-02
   4.5490520e-02  5.2661660e-02
   5.0490800e-02  5.5742420e-02
   5.5496290e-02  5.8713940e-02
   6.0492610e-02  6.1500900e-02
   6.5490580e-02  6.4184610e-02
   7.0489150e-02  6.6766820e-02
   7.5498930e-02  6.9326560e-02
   8.0495950e-02  7.1711270e-02
   8.5491250e-02  7.3999470e-02
   9.0495000e-02  7.6268690e-02
   9.5495830e-02  7.8443760e-02
   1.0049340e-01  8.0525930e-02
   1.1048830e-01  8.4489980e-02
   1.2048660e-01  8.8243380e-02
   1.3048640e-01  9.1790250e-02
   1.4047780e-01  9.5060040e-02
   1.5047670e-01  9.8204700e-02
   1.6047340e-01  1.0115370e-01
   1.7046750e-01  1.0390950e-01
   1.8045890e-01  1.0647330e-01
   1.9044750e-01  1.0884680e-01
   2.0043950e-01  1.1110410e-01
   2.1043420e-01  1.1324630e-01
   2.2042570e-01  1.1520020e-01
   2.3041410e-01  1.1696870e-01
   2.4040400e-01  1.1862520e-01
   2.5039110e-01  1.2009690e-01
   2.6037950e-01  1.2145640e-01
   2.7036900e-01  1.2270310e-01
   2.8035610e-01  1.2376470e-01
   2.9034400e-01  1.2471290e-01
   3.0033000e-01  1.2547540e-01
   3.1031640e-01  1.2612370e-01
   3.2030130e-01  1.2658680e-01
   3.3028620e-01  1.2693420e-01
   3.4027010e-01  1.2709250e-01
   3.5025340e-01  1.2713550e-01
   3.6023600e-01  1.2699550e-01
   3.7021870e-01  1.2667670e-01
   3.8020000e-01  1.2632600e-01
   3.9018200e-01  1.2580220e-01
   4.0016380e-01  1.2517980e-01
   4.1014560e-01  1.2446000e-01
   4.2012750e-01  1.2364420e-01
   4.3010970e-01  1.2273330e-01
   4.5007260e-01  1.2070040e-01
   4.9998750e-01  1.1419750e-01
   5.4990580e-01  1.0622140e-01
   5.9983090e-01  9.7082960e-02
   6.4977310e-01  8.6927050e-02
   6.9972200e-01  7.6096210e-02
   7.4967660e-01  6.4784990e-02
   7.9963110e-01  5.3068080e-02
   8.4959080e-01  4.0968030e-02
   8.9954520e-01  2.8646720e-02
   9.1952640e-01  2.3705320e-02
   9.3950070e-01  1.8674430e-02
   9.5952370e-01  1.3595810e-02
   9.7938020e-01  8.2880100e-03
   1.0000000e+00  3.1982120e-03
</coords>
