<reference>interp_453600</reference>
<coords>
   1.0000000e+00  0.0000000e+00
   1.0000000e+00 -1.0075360e-03
   9.9016450e-01 -9.2172050e-04
   9.8016960e-01  1.7137520e-04
   9.7020330e-01  2.0956120e-03
   9.6023580e-01  3.5502040e-03
   9.5027310e-01  4.9866510e-03
   9.4031430e-01  6.1671800e-03
   9.3035810e-01  7.1664030e-03
   9.2040450e-01  7.9013440e-03
   9.1045110e-01  8.4509630e-03
   9.0049750e-01  8.8139460e-03
   8.7560880e-01  8.6725620e-03
   8.5070500e-01  7.2160660e-03
   8.2578130e-01  4.5185020e-03
   8.0083320e-01  5.7726340e-04
   7.7586090e-01 -4.5315770e-03
   7.5087000e-01 -1.0633800e-02
   7.2585980e-01 -1.7618050e-02
   7.0084090e-01 -2.5211820e-02
   6.7581970e-01 -3.3225160e-02
   6.5079670e-01 -4.1551230e-02
   6.2577740e-01 -4.9997610e-02
   6.0077300e-01 -5.8290020e-02
   5.7577730e-01 -6.6405970e-02
   5.5080260e-01 -7.4081240e-02
   5.2583880e-01 -8.1385110e-02
   5.0089220e-01 -8.8139630e-02
   4.7596200e-01 -9.4247340e-02
   4.5104430e-01 -9.9699540e-02
   4.4108160e-01 -1.0165940e-01
   4.3111980e-01 -1.0352270e-01
   4.2116180e-01 -1.0520770e-01
   4.1120430e-01 -1.0679500e-01
   4.0124700e-01 -1.0828470e-01
   3.9129250e-01 -1.0959530e-01
   3.8133580e-01 -1.1088900e-01
   3.7138330e-01 -1.1192230e-01
   3.6142870e-01 -1.1293830e-01
   3.5147560e-01 -1.1377420e-01
   3.4152210e-01 -1.1451040e-01
   3.3156930e-01 -1.1506630e-01
   3.2161570e-01 -1.1552110e-01
   3.1166190e-01 -1.1579350e-01
   3.0170730e-01 -1.1596330e-01
   2.9175170e-01 -1.1594940e-01
   2.8179520e-01 -1.1583130e-01
   2.7183710e-01 -1.1552780e-01
   2.6187810e-01 -1.1511910e-01
   2.5191710e-01 -1.1452460e-01
   2.4195360e-01 -1.1374410e-01
   2.3198920e-01 -1.1285810e-01
   2.2202190e-01 -1.1178430e-01
   2.1205150e-01 -1.1052300e-01
   2.0207750e-01 -1.0907290e-01
   1.9210280e-01 -1.0751490e-01
   1.8212090e-01 -1.0568580e-01
   1.7213870e-01 -1.0374650e-01
   1.6214830e-01 -1.0153340e-01
   1.5215820e-01 -9.9207990e-02
   1.4215910e-01 -9.6606410e-02
   1.3215580e-01 -9.3808650e-02
   1.2214290e-01 -9.0730560e-02
   1.1212650e-01 -8.7451550e-02
   1.0209430e-01 -8.3803870e-02
   9.7079090e-02 -8.1922840e-02
   9.2060020e-02 -7.9948200e-02
   8.7037070e-02 -7.7879540e-02
   8.2017920e-02 -7.5798370e-02
   7.6987850e-02 -7.3538150e-02
   7.1954450e-02 -7.1180950e-02
   6.6926030e-02 -6.8809400e-02
   6.1886990e-02 -6.6254850e-02
   5.6837340e-02 -6.3515160e-02
   5.1786730e-02 -6.0671590e-02
   4.6726900e-02 -5.7637660e-02
   4.1659090e-02 -5.4409710e-02
   3.6575300e-02 -5.0897580e-02
   3.1477950e-02 -4.7094740e-02
   2.6370990e-02 -4.2993350e-02
   2.1228220e-02 -3.8320200e-02
   1.8654140e-02 -3.5830500e-02
   1.6069210e-02 -3.3147260e-02
   1.3475870e-02 -3.0266850e-02
   1.0877640e-02 -2.7184930e-02
   9.8198370e-03 -2.5744770e-02
   8.7778270e-03 -2.4391090e-02
   7.7187640e-03 -2.2848580e-02
   6.6555420e-03 -2.1206940e-02
   5.5789730e-03 -1.9371400e-02
   4.5037280e-03 -1.7431920e-02
   3.4047110e-03 -1.5101150e-02
   2.2949160e-03 -1.2369590e-02
   1.9731220e-03 -1.1583860e-02
   1.7300070e-03 -1.0704010e-02
   1.4836080e-03 -9.7244020e-03
   1.1606970e-03 -8.7377750e-03
   9.1403010e-04 -7.5563360e-03
   5.8486390e-04 -6.1708650e-03
   4.6678260e-04 -5.4779090e-03
   3.4825820e-04 -4.6849820e-03
   2.3496580e-04 -3.8908160e-03
   1.1639000e-04 -2.6984390e-03
   1.7998510e-08 -1.1244380e-05
   1.1376170e-04  2.6846210e-03
   2.2607840e-04  3.7818630e-03
   3.3550780e-04  4.5794580e-03
   4.4949300e-04  5.3761250e-03
   5.5843960e-04  5.9735720e-03
   8.7788990e-04  7.3669440e-03
   1.1097130e-03  8.4572460e-03
   1.4188730e-03  9.3527580e-03
   1.6435120e-03  1.0143380e-02
   1.8720960e-03  1.0932240e-02
   2.1716420e-03  1.1531670e-02
   3.2105150e-03  1.3809390e-02
   4.2254680e-03  1.5597920e-02
   5.2440690e-03  1.7283550e-02
   6.2537010e-03  1.8774380e-02
   7.2612960e-03  2.0166350e-02
   8.2652580e-03  2.1460880e-02
   9.2744470e-03  2.2751130e-02
   1.0278430e-02  2.3945440e-02
   1.2794660e-02  2.6825160e-02
   1.5300110e-02  2.9414140e-02
   1.7800680e-02  3.1807870e-02
   2.0313350e-02  3.4188490e-02
   2.5319660e-02  3.8469550e-02
   3.0318620e-02  4.2359210e-02
   3.5322770e-02  4.6041610e-02
   4.0328150e-02  4.9521630e-02
   4.5331960e-02  5.2803350e-02
   5.0332150e-02  5.5890340e-02
   5.5335860e-02  5.8871060e-02
   6.0333370e-02  6.1662230e-02
   6.5332000e-02  6.4351210e-02
   7.0331030e-02  6.6939170e-02
   7.5337650e-02  6.9511920e-02
   8.0335630e-02  7.1901580e-02
   8.5332450e-02  7.4193590e-02
   9.0334990e-02  7.6472760e-02
   9.5335550e-02  7.8655890e-02
   1.0033390e-01  8.0743820e-02
   1.1033050e-01  8.4719490e-02
   1.2032930e-01  8.8487960e-02
   1.3032920e-01  9.2052010e-02
   1.4032340e-01  9.5331560e-02
   1.5032260e-01  9.8494110e-02
   1.6032040e-01  1.0145960e-01
   1.7031640e-01  1.0422970e-01
   1.8031060e-01  1.0680520e-01
   1.9030290e-01  1.0918720e-01
   2.0029740e-01  1.1145840e-01
   2.1029380e-01  1.1361930e-01
   2.2028810e-01  1.1558800e-01
   2.3028020e-01  1.1736670e-01
   2.4027340e-01  1.1903730e-01
   2.5026470e-01  1.2051820e-01
   2.6025680e-01  1.2189070e-01
   2.7024970e-01  1.2315460e-01
   2.8024100e-01  1.2422870e-01
   2.9023280e-01  1.2519360e-01
   3.0022330e-01  1.2596830e-01
   3.1021410e-01  1.2663330e-01
   3.2020390e-01  1.2710830e-01
   3.3019370e-01  1.2747260e-01
   3.4018280e-01  1.2764440e-01
   3.5017150e-01  1.2770590e-01
   3.6015970e-01  1.2757880e-01
   3.7014800e-01  1.2726610e-01
   3.8013540e-01  1.2693180e-01
   3.9012320e-01  1.2641570e-01
   4.0011090e-01  1.2580050e-01
   4.1009850e-01  1.2508710e-01
   4.2008630e-01  1.2427640e-01
   4.3007420e-01  1.2336910e-01
   4.5004910e-01  1.2134680e-01
   4.9999150e-01  1.1484480e-01
   5.4993630e-01  1.0686100e-01
   5.9988550e-01  9.7702640e-02
   6.4984640e-01  8.7500160e-02
   6.9981190e-01  7.6614640e-02
   7.4978110e-01  6.5242400e-02
   7.9975030e-01  5.3466300e-02
   8.4972310e-01  4.1301620e-02
   8.9969220e-01  2.8922550e-02
   9.1967950e-01  2.3962200e-02
   9.3966210e-01  1.8908970e-02
   9.5967760e-01  1.3791120e-02
   9.7958060e-01  8.4858370e-03
   1.0000000e+00  3.2311150e-03
</coords>
