<reference>interp_478800</reference>
<coords>
   1.0000000e+00  0.0000000e+00
   1.0000000e+00 -1.0147340e-03
   9.9032170e-01 -8.4693940e-04
   9.8033150e-01  3.3509150e-04
   9.7039740e-01  2.0914210e-03
   9.6046100e-01  3.5026340e-03
   9.5053410e-01  4.8783680e-03
   9.4061450e-01  6.0402970e-03
   9.3070030e-01  7.0387770e-03
   9.2079080e-01  7.8070980e-03
   9.1088210e-01  8.4041170e-03
   9.0097270e-01  8.8272680e-03
   8.7619030e-01  8.9329430e-03
   8.5137840e-01  7.8046000e-03
   8.2652770e-01  5.4914860e-03
   8.0162920e-01  1.9885070e-03
   7.7668340e-01 -2.6511240e-03
   7.5170110e-01 -8.2778220e-03
   7.2668110e-01 -1.4769370e-02
   7.0164420e-01 -2.1879530e-02
   6.7660270e-01 -2.9427950e-02
   6.5155790e-01 -3.7301280e-02
   6.2652010e-01 -4.5314320e-02
   6.0151150e-01 -5.3217350e-02
   5.7651990e-01 -6.0966420e-02
   5.5156920e-01 -6.8331450e-02
   5.2664020e-01 -7.5352440e-02
   5.0174450e-01 -8.1872440e-02
   4.7688100e-01 -8.7796460e-02
   4.5204200e-01 -9.3107470e-02
   4.4211490e-01 -9.5028880e-02
   4.3218950e-01 -9.6857130e-02
   4.2227170e-01 -9.8527820e-02
   4.1235470e-01 -1.0010310e-01
   4.0243830e-01 -1.0158290e-01
   3.9252730e-01 -1.0290370e-01
   3.8261190e-01 -1.0419130e-01
   3.7270470e-01 -1.0525640e-01
   3.6279360e-01 -1.0628780e-01
   3.5288530e-01 -1.0715790e-01
   3.4297620e-01 -1.0792870e-01
   3.3306840e-01 -1.0853790e-01
   3.2315920e-01 -1.0904510e-01
   3.1324960e-01 -1.0938660e-01
   3.0333830e-01 -1.0962310e-01
   2.9342520e-01 -1.0969160e-01
   2.8351020e-01 -1.0965160e-01
   2.7359220e-01 -1.0944040e-01
   2.6367230e-01 -1.0911890e-01
   2.5374850e-01 -1.0862530e-01
   2.4381990e-01 -1.0795890e-01
   2.3388950e-01 -1.0718170e-01
   2.2395350e-01 -1.0622860e-01
   2.1401120e-01 -1.0509960e-01
   2.0406210e-01 -1.0379280e-01
   1.9411170e-01 -1.0237050e-01
   1.8414700e-01 -1.0070470e-01
   1.7418180e-01 -9.8918870e-02
   1.6420060e-01 -9.6884350e-02
   1.5421990e-01 -9.4725680e-02
   1.4422170e-01 -9.2313650e-02
   1.3421520e-01 -8.9709090e-02
   1.2419010e-01 -8.6842990e-02
   1.1415800e-01 -8.3775090e-02
   1.0409510e-01 -8.0368460e-02
   9.9065270e-02 -7.8601080e-02
   9.4027970e-02 -7.6746190e-02
   8.8983100e-02 -7.4803010e-02
   8.3945650e-02 -7.2835350e-02
   7.8886860e-02 -7.0708670e-02
   7.3821550e-02 -6.8487890e-02
   6.8765990e-02 -6.6239040e-02
   6.3689660e-02 -6.3823450e-02
   5.8592570e-02 -6.1236900e-02
   5.3493600e-02 -5.8542770e-02
   4.8376630e-02 -5.5667480e-02
   4.3244030e-02 -5.2603900e-02
   3.8080200e-02 -4.9271250e-02
   3.2889860e-02 -4.5656760e-02
   2.7680700e-02 -4.1745090e-02
   2.2401540e-02 -3.7288650e-02
   1.9756700e-02 -3.4904330e-02
   1.7090630e-02 -3.2332640e-02
   1.4408120e-02 -2.9566470e-02
   1.1716050e-02 -2.6597340e-02
   1.0603040e-02 -2.5214360e-02
   9.5208930e-03 -2.3904930e-02
   8.4054070e-03 -2.2417340e-02
   7.2817880e-03 -2.0831440e-02
   6.1320710e-03 -1.9057490e-02
   4.9849440e-03 -1.7175820e-02
   3.7913360e-03 -1.4911190e-02
   2.5766520e-03 -1.2245000e-02
   2.2340380e-03 -1.1472910e-02
   1.9497350e-03 -1.0612310e-02
   1.6590110e-03 -9.6521820e-03
   1.3142120e-03 -8.6783310e-03
   1.0229640e-03 -7.5146240e-03
   6.6593520e-04 -6.1430310e-03
   5.3058070e-04 -5.4568050e-03
   3.9435970e-04 -4.6706350e-03
   2.6836890e-04 -3.8820420e-03
   1.3204750e-04 -2.6969490e-03
   3.5192650e-08 -2.1986250e-05
   1.2690850e-04  2.6699290e-03
   2.5099130e-04  3.7645360e-03
   3.6942860e-04  4.5598330e-03
   4.9677400e-04  5.3533180e-03
   6.1426750e-04  5.9483250e-03
   9.5229890e-04  7.3353660e-03
   1.2145240e-03  8.4164030e-03
   1.5324340e-03  9.3076280e-03
   1.7806100e-03  1.0089300e-02
   2.0365000e-03  1.0867520e-02
   2.3356120e-03  1.1466390e-02
   3.4116220e-03  1.3722830e-02
   4.4408600e-03  1.5500390e-02
   5.4772300e-03  1.7172300e-02
   6.4960630e-03  1.8654370e-02
   7.5109140e-03  2.0038670e-02
   8.5186610e-03  2.1327980e-02
   9.5366280e-03  2.2608910e-02
   1.0544420e-02  2.3797790e-02
   1.3076150e-02  2.6658140e-02
   1.5586800e-02  2.9236590e-02
   1.8087920e-02  3.1624330e-02
   2.0612690e-02  3.3986430e-02
   2.5625040e-02  3.8249400e-02
   3.0623000e-02  4.2129180e-02
   3.5631110e-02  4.5794770e-02
   4.0641630e-02  4.9255700e-02
   4.5649080e-02  5.2519960e-02
   5.0649450e-02  5.5594510e-02
   5.5656720e-02  5.8556820e-02
   6.0651850e-02  6.1339560e-02
   6.5649160e-02  6.4018000e-02
   7.0647270e-02  6.6594470e-02
   7.5660200e-02  6.9141190e-02
   8.0656270e-02  7.1520970e-02
   8.5650050e-02  7.3805350e-02
   9.0655010e-02  7.6064620e-02
   9.5656110e-02  7.8231630e-02
   1.0065290e-01  8.0308030e-02
   1.1064610e-01  8.4260460e-02
   1.2064390e-01  8.7998800e-02
   1.3064370e-01  9.1528500e-02
   1.4063230e-01  9.4788520e-02
   1.5063070e-01  9.7915300e-02
   1.6062640e-01  1.0084780e-01
   1.7061860e-01  1.0358930e-01
   1.8060720e-01  1.0614140e-01
   1.9059220e-01  1.0850640e-01
   2.0058160e-01  1.1074990e-01
   2.1057460e-01  1.1287340e-01
   2.2056340e-01  1.1481240e-01
   2.3054790e-01  1.1657060e-01
   2.4053460e-01  1.1821310e-01
   2.5051750e-01  1.1967570e-01
   2.6050210e-01  1.2102210e-01
   2.7048830e-01  1.2225150e-01
   2.8047120e-01  1.2330080e-01
   2.9045520e-01  1.2423220e-01
   3.0043660e-01  1.2498260e-01
   3.1041860e-01  1.2561420e-01
   3.2039870e-01  1.2606530e-01
   3.3037870e-01  1.2639570e-01
   3.4035730e-01  1.2654050e-01
   3.5033530e-01  1.2656510e-01
   3.6031230e-01  1.2641220e-01
   3.7028940e-01  1.2608740e-01
   3.8026470e-01  1.2572030e-01
   3.9024080e-01  1.2518880e-01
   4.0021680e-01  1.2455910e-01
   4.1019270e-01  1.2383290e-01
   4.2016870e-01  1.2301200e-01
   4.3014520e-01  1.2209760e-01
   4.5009610e-01  1.2005410e-01
   4.9998340e-01  1.1355020e-01
   5.4987540e-01  1.0558190e-01
   5.9977620e-01  9.6463270e-02
   6.4969970e-01  8.6353950e-02
   6.9963220e-01  7.5577790e-02
   7.4957210e-01  6.4327590e-02
   7.9951180e-01  5.2669860e-02
   8.4945850e-01  4.0634450e-02
   8.9939820e-01  2.8370900e-02
   9.1937330e-01  2.3448440e-02
   9.3933930e-01  1.8439880e-02
   9.5936970e-01  1.3400510e-02
   9.7917990e-01  8.0901840e-03
   1.0000000e+00  3.1653080e-03
</coords>
