<reference>interp_176400</reference>
<coords>
   1.0000000e+00 -2.2320280e-02
   9.8137220e-01 -3.2888920e-02
   9.5297470e-01 -3.3440110e-02
   9.2283600e-01 -3.6432680e-02
   8.9117190e-01 -4.1853270e-02
   8.5833830e-01 -4.9461000e-02
   8.2445840e-01 -5.9305500e-02
   7.8985580e-01 -7.0936380e-02
   7.5447480e-01 -8.4216940e-02
   7.1860820e-01 -9.8273130e-02
   6.8228380e-01 -1.1302580e-01
   6.4594870e-01 -1.2665880e-01
   6.0940640e-01 -1.3974420e-01
   5.7277230e-01 -1.5142010e-01
   5.3586790e-01 -1.6201420e-01
   4.9883830e-01 -1.7081880e-01
   4.6172690e-01 -1.7797020e-01
   4.2475740e-01 -1.8270860e-01
   3.8813770e-01 -1.8552650e-01
   3.5209810e-01 -1.8588760e-01
   3.1697150e-01 -1.8444740e-01
   2.8291450e-01 -1.8107750e-01
   2.5023720e-01 -1.7647650e-01
   2.1900720e-01 -1.7033730e-01
   1.8953760e-01 -1.6333410e-01
   1.6178450e-01 -1.5502920e-01
   1.3614060e-01 -1.4620350e-01
   1.1244090e-01 -1.3625190e-01
   9.1153640e-02 -1.2621860e-01
   7.1953590e-02 -1.1527540e-01
   5.5347790e-02 -1.0473370e-01
   4.0832230e-02 -9.3365810e-02
   2.8991630e-02 -8.3044960e-02
   1.9072360e-02 -7.1750450e-02
   1.1633360e-02 -6.1483110e-02
   5.6942310e-03 -4.9050370e-02
   2.5189520e-03 -3.9873020e-02
   3.9372050e-05 -2.0926440e-02
   1.8285260e-03  2.6622030e-03
   5.3677400e-03  1.6663300e-02
   1.2033960e-02  3.2680560e-02
   2.0646430e-02  4.6967140e-02
   3.2423850e-02  6.3085670e-02
   4.6352720e-02  7.8016950e-02
   6.3264180e-02  9.3561110e-02
   8.2016460e-02  1.0762360e-01
   1.0319740e-01  1.2137180e-01
   1.2589830e-01  1.3343160e-01
   1.5060720e-01  1.4473700e-01
   1.7655190e-01  1.5424810e-01
   2.0408990e-01  1.6259530e-01
   2.3271930e-01  1.6910000e-01
   2.6260620e-01  1.7417580e-01
   2.9342160e-01  1.7726350e-01
   3.2523150e-01  1.7880720e-01
   3.5789400e-01  1.7819330e-01
   3.9142010e-01  1.7591560e-01
   4.2585920e-01  1.7129060e-01
   4.6108540e-01  1.6495590e-01
   4.9698800e-01  1.5709050e-01
   5.3308940e-01  1.4844680e-01
   5.6943910e-01  1.3885800e-01
   6.0564320e-01  1.2896870e-01
   6.4178230e-01  1.1835500e-01
   6.7744900e-01  1.0779330e-01
   7.1277080e-01  9.6795390e-02
   7.4735600e-01  8.6029540e-02
   7.8126860e-01  7.5250130e-02
   8.1415820e-01  6.4925100e-02
   8.4602250e-01  5.4817440e-02
   8.7661310e-01  4.5399110e-02
   9.0590470e-01  3.6419610e-02
   9.3367650e-01  2.8139350e-02
   9.4891680e-01  2.2239400e-02
   9.6768370e-01  1.1627700e-02
   9.9503170e-01 -1.1873100e-02
</coords>
