<reference>interp_238966</reference>
<coords>
   1.0000000e+00  0.0000000e+00
   1.0000000e+00 -4.1434610e-03
   9.9032140e-01 -1.8038250e-03
   9.8122480e-01 -1.8738940e-04
   9.7186390e-01  1.2479690e-03
   9.6258320e-01  2.3172860e-03
   9.5284500e-01  3.0395010e-03
   9.4280270e-01  3.3261300e-03
   9.3215160e-01  3.2544570e-03
   9.2090270e-01  2.8046070e-03
   9.0915180e-01  1.9736930e-03
   8.9699220e-01  6.8932220e-04
   8.8452260e-01 -1.0528560e-03
   8.7174700e-01 -3.1866250e-03
   8.5855470e-01 -5.8631100e-03
   8.4504950e-01 -9.0118520e-03
   8.3093700e-01 -1.2649660e-02
   8.1630720e-01 -1.6845370e-02
   8.0106310e-01 -2.1611550e-02
   7.8519580e-01 -2.7026770e-02
   7.6852190e-01 -3.3034060e-02
   7.5123400e-01 -3.9616540e-02
   7.3313830e-01 -4.6785030e-02
   7.1403120e-01 -5.4625580e-02
   6.9400720e-01 -6.3127290e-02
   6.7288540e-01 -7.2227920e-02
   6.5137520e-01 -8.1556630e-02
   6.3029100e-01 -9.0654620e-02
   6.1022200e-01 -9.9304530e-02
   5.9128170e-01 -1.0733660e-01
   5.7316910e-01 -1.1484480e-01
   5.5568960e-01 -1.2184090e-01
   5.3904090e-01 -1.2822660e-01
   5.2300940e-01 -1.3416690e-01
   5.0750680e-01 -1.3959780e-01
   4.9223190e-01 -1.4461930e-01
   4.7737390e-01 -1.4920980e-01
   4.6272790e-01 -1.5345590e-01
   4.4810200e-01 -1.5729750e-01
   4.3358240e-01 -1.6079300e-01
   4.1926310e-01 -1.6392940e-01
   4.0504790e-01 -1.6664010e-01
   3.9112450e-01 -1.6897560e-01
   3.7749220e-01 -1.7085710e-01
   3.6394720e-01 -1.7236170e-01
   3.5009050e-01 -1.7350210e-01
   3.3591790e-01 -1.7418920e-01
   3.2142630e-01 -1.7454270e-01
   3.0671400e-01 -1.7446360e-01
   2.9187920e-01 -1.7385240e-01
   2.7703020e-01 -1.7283020e-01
   2.6216740e-01 -1.7124410e-01
   2.4730690e-01 -1.6922590e-01
   2.3265100e-01 -1.6670860e-01
   2.1810640e-01 -1.6370200e-01
   2.0377450e-01 -1.6022900e-01
   1.8975960e-01 -1.5639010e-01
   1.7615690e-01 -1.5221410e-01
   1.6296310e-01 -1.4771870e-01
   1.5006940e-01 -1.4283240e-01
   1.3768250e-01 -1.3773410e-01
   1.2579920e-01 -1.3243310e-01
   1.1440490e-01 -1.2686130e-01
   1.0361020e-01 -1.2119210e-01
   9.3304180e-02 -1.1534620e-01
   8.3559530e-02 -1.0926480e-01
   7.4228150e-02 -1.0316100e-01
   6.5551100e-02 -9.6919800e-02
   5.7473610e-02 -9.0773240e-02
   5.0049790e-02 -8.4577490e-02
   4.3214290e-02 -7.8486650e-02
   3.7147710e-02 -7.2617920e-02
   3.1569280e-02 -6.6851750e-02
   2.6755170e-02 -6.1405040e-02
   2.2414140e-02 -5.6069540e-02
   1.8640190e-02 -5.0944960e-02
   1.5154200e-02 -4.5817050e-02
   1.2144720e-02 -4.0888530e-02
   9.5132830e-03 -3.6057130e-02
   7.2617480e-03 -3.1318260e-02
   5.3035840e-03 -2.6564560e-02
   3.7222720e-03 -2.1797750e-02
   2.3828850e-03 -1.6999320e-02
   1.3205930e-03 -1.2363850e-02
   5.3795100e-04 -7.9011970e-03
   1.0963200e-04 -3.9245880e-03
   3.5825180e-07 -1.4506570e-04
   1.2665310e-04  3.6196490e-03
   5.1574730e-04  7.7714250e-03
   1.2846800e-03  1.2292400e-02
   2.4000430e-03  1.7254580e-02
   3.8196790e-03  2.2353960e-02
   5.4598540e-03  2.7215930e-02
   7.3661950e-03  3.1860680e-02
   9.6372250e-03  3.6489920e-02
   1.2211160e-02  4.1190430e-02
   1.5263910e-02  4.6069990e-02
   1.8640220e-02  5.1107430e-02
   2.2468410e-02  5.6146350e-02
   2.6771380e-02  6.1274260e-02
   3.1487270e-02  6.6563050e-02
   3.6668350e-02  7.1852500e-02
   4.2405970e-02  7.7153070e-02
   4.8635720e-02  8.2532830e-02
   5.5328100e-02  8.7827290e-02
   6.2487340e-02  9.3036090e-02
   7.0223260e-02  9.8246890e-02
   7.8434570e-02  1.0336670e-01
   8.7203520e-02  1.0832620e-01
   9.6468570e-02  1.1326540e-01
   1.0628810e-01  1.1796260e-01
   1.1669160e-01  1.2256440e-01
   1.2767170e-01  1.2699010e-01
   1.3912700e-01  1.3115220e-01
   1.5097390e-01  1.3511310e-01
   1.6329360e-01  1.3873040e-01
   1.7591160e-01  1.4213150e-01
   1.8900970e-01  1.4517820e-01
   2.0240250e-01  1.4792290e-01
   2.1618430e-01  1.5029030e-01
   2.3026300e-01  1.5233920e-01
   2.4473330e-01  1.5399860e-01
   2.5949650e-01  1.5527040e-01
   2.7465370e-01  1.5623210e-01
   2.9020320e-01  1.5681720e-01
   3.0604710e-01  1.5702860e-01
   3.2218630e-01  1.5694010e-01
   3.3852250e-01  1.5648560e-01
   3.5515630e-01  1.5566750e-01
   3.7208900e-01  1.5448680e-01
   3.8931930e-01  1.5301530e-01
   4.0694940e-01  1.5118120e-01
   4.2478310e-01  1.4899140e-01
   4.4301510e-01  1.4651300e-01
   4.6135510e-01  1.4368830e-01
   4.7999650e-01  1.4058350e-01
   4.9884170e-01  1.3720370e-01
   5.1789710e-01  1.3347890e-01
   5.3725600e-01  1.2947790e-01
   5.5701700e-01  1.2519650e-01
   5.7718010e-01  1.2063480e-01
   5.9755050e-01  1.1580490e-01
   6.1822670e-01  1.1070280e-01
   6.3920180e-01  1.0540170e-01
   6.6048360e-01  9.9831100e-02
   6.8225970e-01  9.4053270e-02
   7.0414140e-01  8.8093980e-02
   7.2632400e-01  8.1944210e-02
   7.4889700e-01  7.5671570e-02
   7.7156940e-01  6.9296430e-02
   7.9443870e-01  6.2814970e-02
   8.1750520e-01  5.6228700e-02
   8.4047110e-01  4.9633880e-02
   8.6312710e-01  4.3192220e-02
   8.8557930e-01  3.6828460e-02
   9.0802940e-01  3.0456910e-02
   9.3037300e-01  2.4156930e-02
   9.5230700e-01  1.8009700e-02
   9.7265080e-01  1.2220580e-02
   9.8870660e-01  7.5467980e-03
   1.0000000e+00  4.4754980e-03
</coords>
