<reference></reference>
<coords>
     1.000000   -0.027694
     0.978971   -0.035973
     0.950523   -0.037239
     0.920353   -0.040718
     0.888681   -0.046560
     0.855844   -0.054495
     0.821946   -0.064552
     0.787301   -0.076297
     0.751850   -0.089616
     0.715885   -0.103638
     0.679423   -0.118271
     0.642901   -0.131631
     0.606157   -0.144386
     0.569288   -0.155590
     0.532152   -0.165687
     0.494882   -0.173886
     0.457560   -0.180447
     0.420418   -0.184585
     0.383659   -0.186818
     0.347523   -0.186594
     0.312331   -0.184756
     0.278235   -0.180992
     0.245527   -0.176097
     0.214293   -0.169635
     0.184820   -0.162400
     0.157102   -0.153799
     0.131484   -0.144777
     0.107851   -0.134571
     0.086684   -0.124258
     0.067617   -0.113060
     0.051180   -0.102280
     0.036888   -0.090640
     0.025345   -0.080046
     0.015877   -0.068402
     0.008958   -0.057831
     0.003880   -0.045033
     0.001190   -0.035710
     0.000155   -0.017088
     0.002997    0.006268
     0.007431    0.020041
     0.014754    0.035794
     0.023927    0.049774
     0.036191    0.065546
     0.050460    0.080191
     0.067604    0.095512
     0.086539    0.109386
     0.107862    0.122967
     0.130675    0.134906
     0.155457    0.146152
     0.181484    0.155594
     0.209088    0.163917
     0.237798    0.170363
     0.267759    0.175448
     0.298665    0.178472
     0.330570    0.179960
     0.363331    0.179208
     0.396957    0.176798
     0.431485    0.171941
     0.466784    0.165310
     0.502749    0.157140
     0.538920    0.148242
     0.575339    0.138414
     0.611617    0.128311
     0.647834    0.117511
     0.683594    0.106822
     0.718993    0.095652
     0.753679    0.084801
     0.787677    0.073897
     0.820661    0.063486
     0.852617    0.053297
     0.883311    0.043850
     0.912693    0.034812
     0.940553    0.026507
     0.955804    0.020479
     0.974335    0.009377
     1.000000   -0.015687
</coords>