<reference>interp_050400</reference>
<coords>
   1.0000000e+00 -4.3265270e-02
   9.9585110e-01 -6.9540150e-02
   9.9277920e-01 -9.6910600e-02
   9.8948780e-01 -1.2451420e-01
   9.8184290e-01 -1.4974450e-01
   9.6756830e-01 -1.7074910e-01
   9.5113220e-01 -1.8904580e-01
   9.3380720e-01 -2.0622170e-01
   9.1564820e-01 -2.2337750e-01
   8.9659920e-01 -2.4013150e-01
   8.7658990e-01 -2.5578010e-01
   8.5569630e-01 -2.7039730e-01
   8.3403950e-01 -2.8432990e-01
   8.1165760e-01 -2.9745350e-01
   7.8854150e-01 -3.0942460e-01
   7.6475010e-01 -3.2027130e-01
   7.4038020e-01 -3.3027420e-01
   7.1549520e-01 -3.3940940e-01
   6.9012070e-01 -3.4739620e-01
   6.6430720e-01 -3.5419390e-01
   6.3813060e-01 -3.6002960e-01
   6.1165770e-01 -3.6489810e-01
   5.8494070e-01 -3.6848630e-01
   5.5803620e-01 -3.7072450e-01
   5.3100670e-01 -3.7191450e-01
   5.0392130e-01 -3.7213740e-01
   4.7685220e-01 -3.7110750e-01
   4.4985910e-01 -3.6877440e-01
   4.2298570e-01 -3.6545090e-01
   3.9629700e-01 -3.6117210e-01
   3.6988520e-01 -3.5562340e-01
   3.4380080e-01 -3.4885790e-01
   3.1806230e-01 -3.4123470e-01
   2.9275700e-01 -3.3262100e-01
   2.6799010e-01 -3.2271600e-01
   2.4375280e-01 -3.1187190e-01
   2.2007370e-01 -3.0030500e-01
   1.9711700e-01 -2.8752280e-01
   1.7488560e-01 -2.7372270e-01
   1.5331840e-01 -2.5939860e-01
   1.3267310e-01 -2.4387930e-01
   1.1289980e-01 -2.2743020e-01
   9.3925210e-02 -2.1053600e-01
   7.6160690e-02 -1.9223750e-01
   5.9208770e-02 -1.7359020e-01
   4.3742430e-02 -1.5349970e-01
   2.9300660e-02 -1.3278620e-01
   1.7062900e-02 -1.1016920e-01
   7.2525200e-03 -8.6010670e-02
   1.1365590e-03 -5.9920960e-02
   3.9322710e-06 -3.2830140e-02
   9.9936720e-04 -3.7508110e-03
   5.6714620e-03  2.4849900e-02
   1.3233160e-02  5.2687160e-02
   2.3533330e-02  7.9534350e-02
   3.5561690e-02  1.0556570e-01
   4.9442790e-02  1.3066980e-01
   6.4643090e-02  1.5499980e-01
   8.1619000e-02  1.7809190e-01
   9.9646690e-02  2.0047140e-01
   1.1924310e-01  2.2140320e-01
   1.3993260e-01  2.4137980e-01
   1.6168980e-01  2.6019280e-01
   1.8471130e-01  2.7740820e-01
   2.0855710e-01  2.9361210e-01
   2.3332010e-01  3.0834160e-01
   2.5899150e-01  3.2147340e-01
   2.8529570e-01  3.3343480e-01
   3.1227540e-01  3.4372240e-01
   3.3987830e-01  3.5226310e-01
   3.6791120e-01  3.5945740e-01
   3.9631290e-01  3.6490140e-01
   4.2502110e-01  3.6847450e-01
   4.5391990e-01  3.7063040e-01
   4.8288460e-01  3.7112430e-01
   5.1180610e-01  3.6962620e-01
   5.4063400e-01  3.6652500e-01
   5.6930400e-01  3.6206000e-01
   5.9772650e-01  3.5614580e-01
   6.2589490e-01  3.4899350e-01
   6.5384000e-01  3.4096550e-01
   6.8146210e-01  3.3194460e-01
   7.0863990e-01  3.2172830e-01
   7.3539410e-01  3.1059310e-01
   7.6172940e-01  2.9876340e-01
   7.8750800e-01  2.8598000e-01
   8.1263870e-01  2.7216490e-01
   8.3716670e-01  2.5768750e-01
   8.6109240e-01  2.4266790e-01
   8.8434530e-01  2.2686150e-01
   9.0670210e-01  2.1017650e-01
   9.2796510e-01  1.9274260e-01
   9.4907430e-01  1.7542710e-01
   9.6860950e-01  1.5696550e-01
   9.7818450e-01  1.3032980e-01
   9.8289300e-01  1.0031960e-01
   9.8802130e-01  7.1661510e-02
   9.9309830e-01  4.3569490e-02
   9.9708300e-01  1.4898100e-02
   9.9948400e-01 -1.4193670e-02
</coords>
