<reference></reference><coords>
     1.000000   -0.000997
     0.992814   -0.000847
     0.983853    0.000888
     0.974800    0.002228
     0.965503    0.003604
     0.955807    0.004554
     0.945854    0.005091
     0.935257    0.005348
     0.924050    0.005269
     0.912339    0.004827
     0.900200    0.004007
     0.887730    0.002797
     0.874940    0.001206
     0.861701   -0.000833
     0.848124   -0.003303
     0.833924   -0.006253
     0.819175   -0.009696
     0.803784   -0.013663
     0.787727   -0.018200
     0.770850   -0.023325
     0.753335   -0.028993
     0.734997   -0.035234
     0.715626   -0.042108
     0.695308   -0.049584
     0.673894   -0.057666
     0.652112   -0.066032
     0.630804   -0.074290
     0.610543   -0.082193
     0.591465   -0.089620
     0.573267   -0.096656
     0.555762   -0.103332
     0.539145   -0.109551
     0.523177   -0.115419
     0.507790   -0.120931
     0.492679   -0.126191
     0.478017   -0.131138
     0.463589   -0.135839
     0.449216   -0.140300
     0.434961   -0.144509
     0.420908   -0.148431
     0.406967   -0.152054
     0.393305   -0.155347
     0.379921   -0.158267
     0.366602   -0.160853
     0.352950   -0.163138
     0.338953   -0.165054
     0.324603   -0.166582
     0.309994   -0.167625
     0.295222   -0.168084
     0.280408   -0.167940
     0.265554   -0.167122
     0.250703   -0.165642
     0.236062   -0.163487
     0.221551   -0.160681
     0.207275   -0.157286
     0.193345   -0.153404
     0.179851   -0.149115
     0.166781   -0.144468
     0.154014   -0.139441
     0.141768   -0.134178
     0.130033   -0.128705
     0.118770   -0.123009
     0.108108   -0.117217
     0.097918   -0.111286
     0.088226   -0.105228
     0.078971   -0.099108
     0.070294   -0.092956
     0.062219   -0.086890
     0.054720   -0.080860
     0.047792   -0.074944
     0.041583   -0.069287
     0.035843   -0.063737
     0.030810   -0.058540
     0.026205   -0.053474
     0.022113   -0.048638
     0.018289   -0.043792
     0.014903   -0.039145
     0.011859   -0.034590
     0.009161   -0.030116
     0.006745   -0.025600
     0.004667   -0.021049
     0.002903   -0.016412
     0.001550   -0.011873
     0.000615   -0.007461
     0.000131   -0.003511
     0.000001    0.000246
     0.000169    0.003958
     0.000708    0.008035
     0.001764    0.012430
     0.003421    0.017165
     0.005562    0.021931
     0.007959    0.026393
     0.010566    0.030609
     0.013478    0.034782
     0.016699    0.038977
     0.020363    0.043315
     0.024392    0.047739
     0.028791    0.052166
     0.033623    0.056664
     0.038891    0.061255
     0.044565    0.065848
     0.050722    0.070471
     0.057360    0.075137
     0.064396    0.079742
     0.071844    0.084286
     0.079829    0.088835
     0.088248    0.093308
     0.097154    0.097688
     0.106550    0.102012
     0.116423    0.106193
     0.126854    0.110286
     0.137823    0.114243
     0.149225    0.117998
     0.161005    0.121548
     0.173212    0.124850
     0.185714    0.127907
     0.198664    0.130686
     0.211900    0.133158
     0.225506    0.135290
     0.239405    0.137070
     0.253681    0.138477
     0.268237    0.139519
     0.283178    0.140232
     0.298498    0.140609
     0.314104    0.140657
     0.329996    0.140405
     0.346082    0.139845
     0.362460    0.138983
     0.379137    0.137822
     0.396107    0.136386
     0.413477    0.134651
     0.431057    0.132636
     0.449034    0.130352
     0.467131    0.127813
     0.485534    0.125028
     0.504147    0.122010
     0.522988    0.118742
     0.542139    0.115238
     0.561697    0.111486
     0.581661    0.107488
     0.601845    0.103276
     0.622345    0.098839
     0.643143    0.094205
     0.664260    0.089353
     0.685862    0.084282
     0.707580    0.079061
     0.729601    0.073667
     0.751997    0.068110
     0.774490    0.062446
     0.797177    0.056666
     0.820056    0.050773
     0.842833    0.044858
     0.865283    0.039016
     0.887523    0.033215
     0.909757    0.027393
     0.931872    0.021593
     0.953562    0.015861
     0.973661    0.010397
     0.989522    0.005937
     0.999999    0.002967
</coords>