<reference>interp_126000</reference>
<coords>
   1.0000000e+00 -6.5164740e-02
   9.8551510e-01 -9.8501630e-02
   9.4372280e-01 -1.1309600e-01
   9.2250060e-01 -1.1950350e-01
   8.7825940e-01 -1.3096720e-01
   8.3359330e-01 -1.4389110e-01
   7.8932780e-01 -1.5690570e-01
   7.4502430e-01 -1.6996840e-01
   7.0094070e-01 -1.8249030e-01
   6.5615610e-01 -1.9195130e-01
   6.1138400e-01 -1.9927590e-01
   5.6664370e-01 -2.0413790e-01
   5.2242240e-01 -2.0715440e-01
   4.7885110e-01 -2.0884010e-01
   4.3612460e-01 -2.0815330e-01
   3.9452240e-01 -2.0660640e-01
   3.5414530e-01 -2.0319390e-01
   3.1529320e-01 -1.9924870e-01
   2.7798950e-01 -1.9393080e-01
   2.4262780e-01 -1.8797720e-01
   2.0898360e-01 -1.8122820e-01
   1.7773750e-01 -1.7366950e-01
   1.4828810e-01 -1.6582090e-01
   1.2172700e-01 -1.5707890e-01
   9.6989090e-02 -1.4835430e-01
   7.5494960e-02 -1.3898430e-01
   5.5816940e-02 -1.2943560e-01
   3.9717680e-02 -1.1974970e-01
   2.5417760e-02 -1.0922800e-01
   1.4607520e-02 -9.8594490e-02
   6.2202710e-03 -8.4753890e-02
   1.5979230e-03 -7.4158210e-02
   3.4732790e-05 -5.1567230e-02
   2.2175860e-03 -2.3182720e-02
   7.0500860e-03 -6.2604250e-03
   1.5462670e-02  1.3008720e-02
   2.5705580e-02  3.0549800e-02
   3.9573260e-02  5.0446720e-02
   5.5258910e-02  6.9764670e-02
   7.4621540e-02  9.0006180e-02
   9.5690380e-02  1.0938150e-01
   1.2019340e-01  1.2816750e-01
   1.4620170e-01  1.4578630e-01
   1.7534470e-01  1.6180090e-01
   2.0590310e-01  1.7609130e-01
   2.3893660e-01  1.8818440e-01
   2.7337500e-01  1.9789050e-01
   3.0971360e-01  2.0475020e-01
   3.4719160e-01  2.0826840e-01
   3.8591390e-01  2.0859940e-01
   4.2533830e-01  2.0478100e-01
   4.6543070e-01  1.9749000e-01
   5.0628620e-01  1.8708020e-01
   5.4820690e-01  1.7552410e-01
   5.9087780e-01  1.6227290e-01
   6.3398210e-01  1.4898450e-01
   6.7734240e-01  1.3458600e-01
   7.2067060e-01  1.2040910e-01
   7.6396040e-01  1.0556240e-01
   8.0669850e-01  9.0914770e-02
   8.4923970e-01  7.6421640e-02
   8.9091790e-01  6.2331740e-02
   9.1086120e-01  5.5900310e-02
   9.4873190e-01  3.6401030e-02
   9.8964900e-01  6.5735610e-03
   9.9999990e-01 -4.2123250e-02
</coords>
