<reference></reference><coords>
     1.000000   -0.002681
     0.992093   -0.001711
     0.982990    0.000052
     0.973791    0.001417
     0.964492    0.002635
     0.954752    0.003480
     0.944738    0.003875
     0.934097    0.003940
     0.922851    0.003641
     0.911103    0.002965
     0.898938    0.001859
     0.886455    0.000317
     0.873661   -0.001615
     0.860439   -0.004058
     0.846894   -0.006962
     0.832736   -0.010353
     0.818050   -0.014283
     0.802739   -0.018769
     0.786790   -0.023879
     0.770030   -0.029582
     0.752647   -0.035853
     0.734452   -0.042707
     0.715237   -0.050223
     0.695095   -0.058382
     0.673855   -0.067145
     0.652233   -0.076156
     0.631055   -0.084979
     0.610904   -0.093385
     0.591901   -0.101221
     0.573744   -0.108579
     0.556241   -0.115475
     0.539589   -0.121813
     0.523565   -0.127736
     0.508089   -0.133201
     0.492856   -0.138309
     0.478052   -0.143026
     0.463467   -0.147432
     0.448915   -0.151489
     0.434473   -0.155232
     0.420232   -0.158639
     0.406098   -0.161664
     0.392251   -0.164329
     0.378692   -0.166568
     0.365213   -0.168444
     0.351415   -0.169979
     0.337290   -0.171089
     0.322835   -0.171847
     0.308146   -0.172157
     0.293320   -0.171918
     0.278470   -0.171204
     0.263596   -0.169889
     0.248725   -0.168064
     0.234059   -0.165680
     0.219510   -0.162750
     0.205182   -0.159311
     0.191181   -0.155463
     0.177600   -0.151254
     0.164434   -0.146711
     0.151569   -0.141779
     0.139215   -0.136627
     0.127369   -0.131269
     0.116006   -0.125655
     0.105244   -0.119944
     0.094966   -0.114068
     0.085228   -0.107992
     0.075912   -0.101881
     0.067226   -0.095667
     0.059140   -0.089544
     0.051683   -0.083401
     0.044809   -0.077365
     0.038688   -0.071564
     0.033049   -0.065867
     0.028156   -0.060500
     0.023721   -0.055252
     0.019836   -0.050220
     0.016233   -0.045183
     0.013093   -0.040346
     0.010320   -0.035604
     0.007915   -0.030950
     0.005800   -0.026273
     0.004050   -0.021575
     0.002565   -0.016827
     0.001403   -0.012221
     0.000567   -0.007772
     0.000118   -0.003801
     0.000000   -0.000025
     0.000140    0.003723
     0.000578    0.007852
     0.001443    0.012333
     0.002739    0.017222
     0.004400    0.022212
     0.006294    0.026943
     0.008435    0.031446
     0.010921    0.035925
     0.013713    0.040459
     0.016971    0.045159
     0.020567    0.049994
     0.024588    0.054830
     0.029070    0.059750
     0.033973    0.064807
     0.039322    0.069866
     0.045203    0.074942
     0.051572    0.080085
     0.058382    0.085151
     0.065642    0.090139
     0.073465    0.095130
     0.081750    0.100035
     0.090569    0.104802
     0.099883    0.109537
     0.109725    0.114062
     0.120143    0.118495
     0.131125    0.122764
     0.142568    0.126790
     0.154399    0.130614
     0.166687    0.134125
     0.179272    0.137411
     0.192327    0.140367
     0.205674    0.143019
     0.219404    0.145306
     0.233430    0.147262
     0.247842    0.148835
     0.262543    0.150027
     0.277635    0.150903
     0.293115    0.151416
     0.308886    0.151570
     0.324950    0.151424
     0.341210    0.150931
     0.357766    0.150095
     0.374620    0.148918
     0.391771    0.147455
     0.409322    0.145651
     0.427079    0.143516
     0.445234    0.141099
     0.463501    0.138366
     0.482070    0.135364
     0.500846    0.132102
     0.519838    0.128525
     0.539136    0.124686
     0.558838    0.120578
     0.578943    0.116200
     0.599260    0.111573
     0.619887    0.106689
     0.640812    0.101606
     0.662047    0.096272
     0.683775    0.090725
     0.705612    0.085009
     0.727750    0.079107
     0.750273    0.073069
     0.772896    0.066928
     0.795714    0.060677
     0.818728    0.054318
     0.841641    0.047946
     0.864239    0.041702
     0.886630    0.035522
     0.909018    0.029331
     0.931295    0.023194
     0.953158    0.017181
     0.973425    0.011492
     0.989429    0.006889
     0.999999    0.003822
</coords>
