<reference>interp_477931</reference>
<coords>
   1.0000000e+00  0.0000000e+00
   1.0000000e+00 -1.0144860e-03
   9.9031630e-01 -8.4951810e-04
   9.8032590e-01  3.2944610e-04
   9.7039070e-01  2.0915660e-03
   9.6045320e-01  3.5042740e-03
   9.5052510e-01  4.8821020e-03
   9.4060420e-01  6.0446720e-03
   9.3068850e-01  7.0431780e-03
   9.2077750e-01  7.8103480e-03
   9.1086720e-01  8.4057330e-03
   9.0095630e-01  8.8268090e-03
   8.7617030e-01  8.9239640e-03
   8.5135520e-01  7.7843060e-03
   8.2650200e-01  5.4579350e-03
   8.0160180e-01  1.9398430e-03
   7.7665510e-01 -2.7159670e-03
   7.5167240e-01 -8.3590620e-03
   7.2665280e-01 -1.4867600e-02
   7.0161650e-01 -2.1994440e-02
   6.7657570e-01 -2.9558890e-02
   6.5153160e-01 -3.7447830e-02
   6.2649450e-01 -4.5475810e-02
   6.0148600e-01 -5.3392270e-02
   5.7649430e-01 -6.1153990e-02
   5.5154280e-01 -6.8529720e-02
   5.2661250e-01 -7.5560460e-02
   5.0171510e-01 -8.2088550e-02
   4.7684930e-01 -8.8018900e-02
   4.5200760e-01 -9.3334780e-02
   4.4207930e-01 -9.5257520e-02
   4.3215260e-01 -9.7086970e-02
   4.2223350e-01 -9.8758160e-02
   4.1231500e-01 -1.0033390e-01
   4.0239720e-01 -1.0181400e-01
   3.9248470e-01 -1.0313440e-01
   3.8256790e-01 -1.0442220e-01
   3.7265910e-01 -1.0548620e-01
   3.6274660e-01 -1.0651710e-01
   3.5283670e-01 -1.0738610e-01
   3.4292610e-01 -1.0815560e-01
   3.3301670e-01 -1.0876300e-01
   3.2310600e-01 -1.0926840e-01
   3.1319490e-01 -1.0960760e-01
   3.0328200e-01 -1.0984180e-01
   2.9336750e-01 -1.0990740e-01
   2.8345100e-01 -1.0986470e-01
   2.7353160e-01 -1.0965030e-01
   2.6361050e-01 -1.0932580e-01
   2.5368540e-01 -1.0882870e-01
   2.4375550e-01 -1.0815840e-01
   2.3382400e-01 -1.0737750e-01
   2.2388690e-01 -1.0642020e-01
   2.1394370e-01 -1.0528670e-01
   2.0399360e-01 -1.0397490e-01
   1.9404240e-01 -1.0254790e-01
   1.8407710e-01 -1.0087650e-01
   1.7411140e-01 -9.9085340e-02
   1.6412980e-01 -9.7044670e-02
   1.5414880e-01 -9.4880240e-02
   1.4415050e-01 -9.2461670e-02
   1.3414420e-01 -8.9850450e-02
   1.2411950e-01 -8.6977040e-02
   1.1408790e-01 -8.3901870e-02
   1.0402610e-01 -8.0486920e-02
   9.8996780e-02 -7.8715630e-02
   9.3960110e-02 -7.6856610e-02
   8.8916000e-02 -7.4909100e-02
   8.3879180e-02 -7.2937520e-02
   7.8821370e-02 -7.0806240e-02
   7.3757170e-02 -6.8580760e-02
   6.8702550e-02 -6.6327670e-02
   6.3627500e-02 -6.3907290e-02
   5.8532050e-02 -6.1315460e-02
   5.3434750e-02 -5.8616180e-02
   4.8319740e-02 -5.5735420e-02
   4.3189380e-02 -5.2666170e-02
   3.8028310e-02 -4.9327330e-02
   3.2841170e-02 -4.5706340e-02
   2.7635540e-02 -4.1788130e-02
   2.2361080e-02 -3.7324220e-02
   1.9718680e-02 -3.4936270e-02
   1.7055410e-02 -3.2360730e-02
   1.4375980e-02 -2.9590620e-02
   1.1687140e-02 -2.6617610e-02
   1.0576030e-02 -2.5232650e-02
   9.4952700e-03 -2.3921690e-02
   8.3817290e-03 -2.2432210e-02
   7.2601930e-03 -2.0844390e-02
   6.1129990e-03 -1.9068310e-02
   4.9683500e-03 -1.7184650e-02
   3.7780040e-03 -1.4917740e-02
   2.5669370e-03 -1.2249300e-02
   2.2250410e-03 -1.1476730e-02
   1.9421580e-03 -1.0615470e-02
   1.6529630e-03 -9.6546720e-03
   1.3089190e-03 -8.6803810e-03
   1.0192080e-03 -7.5160620e-03
   6.6313970e-04 -6.1439910e-03
   5.2838080e-04 -5.4575320e-03
   3.9277000e-04 -4.6711300e-03
   2.6721710e-04 -3.8823450e-03
   1.3150760e-04 -2.6970000e-03
   3.4599750e-08 -2.1615840e-05
   1.2645510e-04  2.6704360e-03
   2.5013220e-04  3.7651330e-03
   3.6825900e-04  4.5605100e-03
   4.9514370e-04  5.3541040e-03
   6.1234240e-04  5.9491950e-03
   9.4973310e-04  7.3364550e-03
   1.2109100e-03  8.4178110e-03
   1.5285180e-03  9.3091840e-03
   1.7758820e-03  1.0091160e-02
   2.0308310e-03  1.0869750e-02
   2.3299580e-03  1.1468640e-02
   3.4046880e-03  1.3725820e-02
   4.4334330e-03  1.5503760e-02
   5.4691900e-03  1.7176140e-02
   6.4877060e-03  1.8658510e-02
   7.5023070e-03  2.0043070e-02
   8.5099230e-03  2.1332560e-02
   9.5275870e-03  2.2613810e-02
   1.0535250e-02  2.3802880e-02
   1.3066440e-02  2.6663900e-02
   1.5576920e-02  2.9242710e-02
   1.8078010e-02  3.1630660e-02
   2.0602370e-02  3.3993390e-02
   2.5614510e-02  3.8256990e-02
   3.0612500e-02  4.2137110e-02
   3.5620480e-02  4.5803280e-02
   4.0630820e-02  4.9264870e-02
   4.5638140e-02  5.2529730e-02
   5.0638510e-02  5.5604710e-02
   5.5645650e-02  5.8567660e-02
   6.0640860e-02  6.1350690e-02
   6.5638220e-02  6.4029490e-02
   7.0636370e-02  6.6606360e-02
   7.5649080e-02  6.9153980e-02
   8.0645210e-02  7.1534090e-02
   8.5639100e-02  7.3818740e-02
   9.0643970e-02  7.6078700e-02
   9.5645050e-02  7.8246260e-02
   1.0064190e-01  8.0323060e-02
   1.1063530e-01  8.4276290e-02
   1.2063300e-01  8.8015670e-02
   1.3063290e-01  9.1546550e-02
   1.4062160e-01  9.4807250e-02
   1.5062010e-01  9.7935250e-02
   1.6061580e-01  1.0086890e-01
   1.7060820e-01  1.0361140e-01
   1.8059700e-01  1.0616430e-01
   1.9058220e-01  1.0852980e-01
   2.0057180e-01  1.1077430e-01
   2.1056490e-01  1.1289910e-01
   2.2055390e-01  1.1483910e-01
   2.3053870e-01  1.1659810e-01
   2.4052560e-01  1.1824150e-01
   2.5050880e-01  1.1970480e-01
   2.6049370e-01  1.2105210e-01
   2.7048000e-01  1.2228260e-01
   2.8046330e-01  1.2333280e-01
   2.9044750e-01  1.2426540e-01
   3.0042930e-01  1.2501660e-01
   3.1041160e-01  1.2564940e-01
   3.2039190e-01  1.2610130e-01
   3.3037230e-01  1.2643280e-01
   3.4035130e-01  1.2657860e-01
   3.5032960e-01  1.2660450e-01
   3.6030700e-01  1.2645250e-01
   3.7028450e-01  1.2612800e-01
   3.8026020e-01  1.2576210e-01
   3.9023680e-01  1.2523110e-01
   4.0021310e-01  1.2460190e-01
   4.1018940e-01  1.2387610e-01
   4.3014270e-01  1.2214140e-01
   4.5009450e-01  1.2009870e-01
   4.9998370e-01  1.1359490e-01
   5.4987750e-01  1.0562600e-01
   5.9978000e-01  9.6506010e-02
   6.4970470e-01  8.6393470e-02
   6.9963840e-01  7.5613540e-02
   7.4957930e-01  6.4359130e-02
   7.9952000e-01  5.2697330e-02
   8.4946770e-01  4.0657450e-02
   8.9940830e-01  2.8389920e-02
   9.1938390e-01  2.3466160e-02
   9.3935040e-01  1.8456060e-02
   9.5938030e-01  1.3413980e-02
   9.7919370e-01  8.1038270e-03
   1.0000000e+00  3.1675770e-03
</coords>
