<reference>interp_491400</reference>
<coords>
   1.0000000e+00  0.0000000e+00
   1.0000000e+00 -1.0183340e-03
   9.9040030e-01 -8.0954890e-04
   9.8041250e-01  4.1694970e-04
   9.7049450e-01  2.0893250e-03
   9.6057360e-01  3.4788490e-03
   9.5066450e-01  4.8242270e-03
   9.4076460e-01  5.9768550e-03
   9.3087130e-01  6.9749640e-03
   9.2098400e-01  7.7599750e-03
   9.1109750e-01  8.3806950e-03
   9.0121040e-01  8.8339300e-03
   8.7648110e-01  9.0631330e-03
   8.5171510e-01  8.0988680e-03
   8.2690090e-01  5.9779780e-03
   8.0202720e-01  2.6941290e-03
   7.7709470e-01 -1.7108970e-03
   7.5211660e-01 -7.0998310e-03
   7.2709180e-01 -1.3345030e-02
   7.0204590e-01 -2.0213390e-02
   6.7699420e-01 -2.7529350e-02
   6.5193840e-01 -3.5176310e-02
   6.2689150e-01 -4.2972670e-02
   6.0188070e-01 -5.0681010e-02
   5.7689120e-01 -5.8246640e-02
   5.5195260e-01 -6.5456560e-02
   5.2704080e-01 -7.2336100e-02
   5.0217060e-01 -7.8738850e-02
   4.7734050e-01 -8.4571020e-02
   4.5254080e-01 -8.9811430e-02
   4.4263160e-01 -9.1713650e-02
   4.3272440e-01 -9.3524370e-02
   4.2282670e-01 -9.5187890e-02
   4.1292990e-01 -9.6757170e-02
   4.0303400e-01 -9.8231960e-02
   3.9314470e-01 -9.9557860e-02
   3.8324990e-01 -1.0084240e-01
   3.7336540e-01 -1.0192340e-01
   3.6347610e-01 -1.0296250e-01
   3.5359020e-01 -1.0384980e-01
   3.4370330e-01 -1.0463780e-01
   3.3381800e-01 -1.0527370e-01
   3.2393100e-01 -1.0580710e-01
   3.1404340e-01 -1.0618320e-01
   3.0415380e-01 -1.0645310e-01
   2.9426190e-01 -1.0656270e-01
   2.8436760e-01 -1.0656180e-01
   2.7446970e-01 -1.0639670e-01
   2.6456940e-01 -1.0611880e-01
   2.5466420e-01 -1.0567560e-01
   2.4475300e-01 -1.0506630e-01
   2.3483960e-01 -1.0434350e-01
   2.2491930e-01 -1.0345070e-01
   2.1499110e-01 -1.0238800e-01
   2.0505440e-01 -1.0115280e-01
   1.9511610e-01 -9.9798240e-02
   1.8516010e-01 -9.8214150e-02
   1.7520340e-01 -9.6505050e-02
   1.6522670e-01 -9.4559810e-02
   1.5525070e-01 -9.2484520e-02
   1.4525290e-01 -9.0167270e-02
   1.3524490e-01 -8.7659310e-02
   1.2521370e-01 -8.4899200e-02
   1.1517370e-01 -8.1936860e-02
   1.0509550e-01 -7.8650750e-02
   1.0005840e-01 -7.6940200e-02
   9.5011950e-02 -7.5145190e-02
   8.9956120e-02 -7.3264740e-02
   8.4909520e-02 -7.1353840e-02
   7.9836360e-02 -6.9293930e-02
   7.4755100e-02 -6.7141360e-02
   6.9685970e-02 -6.4953860e-02
   6.4590990e-02 -6.2607750e-02
   5.9470190e-02 -6.0097770e-02
   5.4347040e-02 -5.7478360e-02
   4.9201490e-02 -5.4682390e-02
   4.4036500e-02 -5.1700990e-02
   3.8832650e-02 -4.8458090e-02
   3.3595810e-02 -4.4937770e-02
   2.8335560e-02 -4.1120960e-02
   2.2988210e-02 -3.6772880e-02
   2.0307990e-02 -3.4441240e-02
   1.7601340e-02 -3.1925320e-02
   1.4874250e-02 -2.9216270e-02
   1.2135260e-02 -2.6303550e-02
   1.0994640e-02 -2.4949150e-02
   9.8924260e-03 -2.3661850e-02
   8.7487280e-03 -2.2201720e-02
   7.5949110e-03 -2.0643690e-02
   6.4086210e-03 -1.8900530e-02
   5.2255520e-03 -1.7047770e-02
   3.9846480e-03 -1.4816210e-02
   2.7175200e-03 -1.2182710e-02
   2.3644960e-03 -1.1417430e-02
   2.0595990e-03 -1.0566450e-02
   1.7467130e-03 -9.6160720e-03
   1.3909700e-03 -8.6486090e-03
   1.0774310e-03 -7.4937670e-03
   7.0647090e-04 -6.1291150e-03
   5.6247970e-04 -5.4462530e-03
   4.1741040e-04 -4.6634620e-03
   2.8507050e-04 -3.8776550e-03
   1.3987620e-04 -2.6962030e-03
   4.3789730e-08 -2.7357180e-05
   1.3348180e-04  2.6625830e-03
   2.6344770e-04  3.7558720e-03
   3.8638910e-04  4.5500210e-03
   5.2041460e-04  5.3419140e-03
   6.4218140e-04  5.9357010e-03
   9.8950340e-04  7.3195770e-03
   1.2669290e-03  8.3959810e-03
   1.5892140e-03  9.2850630e-03
   1.8491590e-03  1.0062260e-02
   2.1187030e-03  1.0835150e-02
   2.4175980e-03  1.1433750e-02
   3.5121760e-03  1.3679560e-02
   4.5485560e-03  1.5451630e-02
   5.5938110e-03  1.7116680e-02
   6.6172440e-03  1.8594370e-02
   7.6357240e-03  1.9974830e-02
   8.6453630e-03  2.1261530e-02
   9.6677190e-03  2.2537800e-02
   1.0677410e-02  2.3723960e-02
   1.3216900e-02  2.6574630e-02
   1.5730150e-02  2.9147810e-02
   1.8231540e-02  3.1532560e-02
   2.0762360e-02  3.3885390e-02
   2.5777720e-02  3.8139320e-02
   3.0775190e-02  4.2014170e-02
   3.5785280e-02  4.5671350e-02
   4.0798370e-02  4.9122740e-02
   4.5807640e-02  5.2378260e-02
   5.0808110e-02  5.5446600e-02
   5.5817140e-02  5.8399700e-02
   6.0811080e-02  6.1178230e-02
   6.5807740e-02  6.3851400e-02
   7.0805390e-02  6.6422120e-02
   7.5821480e-02  6.8955830e-02
   8.0816580e-02  7.1330660e-02
   8.5808850e-02  7.3611230e-02
   9.0815020e-02  7.5860550e-02
   9.5816380e-02  7.8019500e-02
   1.0081240e-01  8.0090140e-02
   1.1080400e-01  8.4030940e-02
   1.2080120e-01  8.7754230e-02
   1.3080090e-01  9.1266750e-02
   1.4078670e-01  9.4517000e-02
   1.5078480e-01  9.7625890e-02
   1.6077940e-01  1.0054190e-01
   1.7076970e-01  1.0326910e-01
   1.8075560e-01  1.0580950e-01
   1.9073680e-01  1.0816590e-01
   2.0072370e-01  1.1039560e-01
   2.1071490e-01  1.1250050e-01
   2.2070100e-01  1.1442460e-01
   2.3068180e-01  1.1617260e-01
   2.4066520e-01  1.1780110e-01
   2.5064390e-01  1.1925450e-01
   2.6062480e-01  1.2058780e-01
   2.7060750e-01  1.2179990e-01
   2.8058630e-01  1.2283680e-01
   2.9056640e-01  1.2375150e-01
   3.0054330e-01  1.2448980e-01
   3.1052090e-01  1.2510470e-01
   3.2049610e-01  1.2554380e-01
   3.3047120e-01  1.2585720e-01
   3.4044460e-01  1.2598860e-01
   3.5041720e-01  1.2599470e-01
   3.6038860e-01  1.2582890e-01
   3.7036010e-01  1.2549800e-01
   3.8032930e-01  1.2511450e-01
   3.9029970e-01  1.2457530e-01
   4.0026980e-01  1.2393830e-01
   4.1023980e-01  1.2320570e-01
   4.2021000e-01  1.2237980e-01
   4.3018060e-01  1.2146190e-01
   4.5011960e-01  1.1940770e-01
   4.9997940e-01  1.1290290e-01
   5.4984490e-01  1.0494230e-01
   5.9972150e-01  9.5843580e-02
   6.4962630e-01  8.5780840e-02
   6.9954230e-01  7.5059360e-02
   7.4946750e-01  6.3870180e-02
   7.9939250e-01  5.2271640e-02
   8.4932630e-01  4.0300860e-02
   8.9925120e-01  2.8095070e-02
   9.1922020e-01  2.3191560e-02
   9.3917790e-01  1.8205340e-02
   9.5921570e-01  1.3205210e-02
   9.7897960e-01  7.8923570e-03
   1.0000000e+00  3.1324050e-03
</coords>
