<reference>interp_412759</reference>
<coords>
   1.0000000e+00  0.0000000e+00
   1.0000000e+00 -2.0047570e-03
   9.9657760e-01 -2.2964550e-03
   9.8116040e-01  1.5888470e-04
   9.6635720e-01  2.9452940e-03
   9.5050900e-01  5.1145250e-03
   9.3361380e-01  6.8523960e-03
   9.1565730e-01  7.8996520e-03
   8.9661970e-01  8.2503400e-03
   8.7649780e-01  7.6313330e-03
   8.5528450e-01  6.0064560e-03
   8.3299260e-01  3.3027790e-03
   8.0963770e-01 -6.0741100e-04
   7.8524890e-01 -5.8167880e-03
   7.5985500e-01 -1.2284040e-02
   7.3367980e-01 -1.9920370e-02
   7.0749080e-01 -2.8308140e-02
   6.8133210e-01 -3.7160510e-02
   6.5518370e-01 -4.6354880e-02
   6.2903540e-01 -5.5730730e-02
   6.0282350e-01 -6.4993690e-02
   5.7654350e-01 -7.4106000e-02
   5.5015300e-01 -8.2795500e-02
   5.2371070e-01 -9.1087720e-02
   4.9716970e-01 -9.8802840e-02
   4.7055690e-01 -1.0581530e-01
   4.4393370e-01 -1.1205100e-01
   4.1731240e-01 -1.1736540e-01
   3.9075910e-01 -1.2173610e-01
   3.6435130e-01 -1.2516300e-01
   3.3809080e-01 -1.2759220e-01
   3.1196670e-01 -1.2883910e-01
   2.8593470e-01 -1.2891770e-01
   2.5985420e-01 -1.2780270e-01
   2.3446000e-01 -1.2543000e-01
   2.1018780e-01 -1.2202630e-01
   1.8706010e-01 -1.1768130e-01
   1.6510480e-01 -1.1250660e-01
   1.4434170e-01 -1.0667620e-01
   1.2481950e-01 -1.0022580e-01
   1.0654380e-01 -9.3275000e-02
   8.9606770e-02 -8.5906350e-02
   7.3972000e-02 -7.8276890e-02
   5.9697260e-02 -7.0439490e-02
   4.6884340e-02 -6.2321190e-02
   3.5559420e-02 -5.4064360e-02
   2.5803630e-02 -4.5761560e-02
   1.7649070e-02 -3.7467740e-02
   1.0978020e-02 -2.9433730e-02
   5.8879000e-03 -2.1557220e-02
   2.4413580e-03 -1.3787550e-02
   4.4984350e-04 -5.9116020e-03
   1.8529390e-04 -3.7784210e-03
   1.3643220e-07 -4.9621040e-05
   1.4067710e-03  9.9318720e-03
   4.4956430e-03  1.6816000e-02
   9.2005410e-03  2.3579430e-02
   1.5345590e-02  3.0543480e-02
   2.2847500e-02  3.7707810e-02
   3.1776570e-02  4.4917150e-02
   4.1982140e-02  5.2279350e-02
   5.3542990e-02  5.9646640e-02
   6.6459880e-02  6.6915610e-02
   8.0661270e-02  7.4178550e-02
   9.6172690e-02  8.1289050e-02
   1.1303920e-01  8.8161120e-02
   1.3118680e-01  9.4845430e-02
   1.5066560e-01  1.0119140e-01
   1.7147430e-01  1.0717380e-01
   1.9364940e-01  1.1260380e-01
   2.1712150e-01  1.1761010e-01
   2.4197070e-01  1.2183350e-01
   2.6809640e-01  1.2528140e-01
   2.9451600e-01  1.2773720e-01
   3.2098490e-01  1.2915760e-01
   3.4748720e-01  1.2958040e-01
   3.7402620e-01  1.2892260e-01
   4.0057690e-01  1.2746290e-01
   4.2712070e-01  1.2527150e-01
   4.5367930e-01  1.2252130e-01
   4.8022450e-01  1.1915130e-01
   5.0675380e-01  1.1531860e-01
   5.3329430e-01  1.1112080e-01
   5.5982320e-01  1.0650600e-01
   5.8634590e-01  1.0161870e-01
   6.1287930e-01  9.6464650e-02
   6.3939090e-01  9.0961350e-02
   6.6589790e-01  8.5270010e-02
   6.9241570e-01  7.9393200e-02
   7.1893580e-01  7.3361180e-02
   7.4545260e-01  6.7220160e-02
   7.7159400e-01  6.1052880e-02
   7.9669040e-01  5.5029640e-02
   8.2074040e-01  4.9167120e-02
   8.4374810e-01  4.3466370e-02
   8.6571980e-01  3.8015690e-02
   8.8664080e-01  3.2772450e-02
   9.0652700e-01  2.7762380e-02
   9.2537860e-01  2.2991650e-02
   9.4318980e-01  1.8469210e-02
   9.5994880e-01  1.4102490e-02
   9.7576050e-01  1.0002820e-02
   9.9045600e-01  5.9304040e-03
   9.9462650e-01  5.4470180e-03
   9.9817310e-01  4.5655720e-03
   1.0000000e+00  2.5856400e-03
</coords>
