<reference>interp_037800</reference>
<coords>
   1.0000000e+00 -2.8843510e-02
   9.9690510e-01 -5.6825100e-02
   9.9387180e-01 -8.5496070e-02
   9.9003990e-01 -1.1423980e-01
   9.8265930e-01 -1.4127800e-01
   9.7022150e-01 -1.6533540e-01
   9.5571750e-01 -1.8738450e-01
   9.4000940e-01 -2.0844450e-01
   9.2314980e-01 -2.2921070e-01
   9.0512080e-01 -2.4939200e-01
   8.8589590e-01 -2.6848440e-01
   8.6554990e-01 -2.8650220e-01
   8.4418770e-01 -3.0364460e-01
   8.2186300e-01 -3.1979700e-01
   7.9859830e-01 -3.3470200e-01
   7.7446440e-01 -3.4835020e-01
   7.4955780e-01 -3.6090410e-01
   7.2395580e-01 -3.7232390e-01
   6.9771050e-01 -3.8240220e-01
   6.7089210e-01 -3.9109190e-01
   6.4358970e-01 -3.9852910e-01
   6.1588680e-01 -4.0469610e-01
   5.8785740e-01 -4.0937220e-01
   5.5957980e-01 -4.1250200e-01
   5.3113610e-01 -4.1428070e-01
   5.0261420e-01 -4.1475830e-01
   4.7410310e-01 -4.1374270e-01
   4.4568370e-01 -4.1120190e-01
   4.1742680e-01 -4.0734860e-01
   3.8941630e-01 -4.0221210e-01
   3.6175410e-01 -3.9559160e-01
   3.3451320e-01 -3.8753460e-01
   3.0774490e-01 -3.7829450e-01
   2.8154570e-01 -3.6779840e-01
   2.5602240e-01 -3.5586540e-01
   2.3120420e-01 -3.4275060e-01
   2.0714510e-01 -3.2862240e-01
   1.8398670e-01 -3.1317650e-01
   1.6176240e-01 -2.9657310e-01
   1.4045990e-01 -2.7916980e-01
   1.2027940e-01 -2.6055060e-01
   1.0121190e-01 -2.4092450e-01
   8.3232480e-02 -2.2064970e-01
   6.6635790e-02 -1.9912170e-01
   5.1176510e-02 -1.7708080e-01
   3.7318950e-02 -1.5383580e-01
   2.4769770e-02 -1.2997250e-01
   1.4327270e-02 -1.0467640e-01
   6.1493470e-03 -7.8229450e-02
   1.0867060e-03 -5.0412310e-02
   2.6215140e-06 -2.1886760e-02
   9.9524480e-04  7.9644600e-03
   5.0953080e-03  3.7455600e-02
   1.1774100e-02  6.6355110e-02
   2.0924890e-02  9.4471230e-02
   3.1865130e-02  1.2187980e-01
   4.4665860e-02  1.4846720e-01
   5.8957400e-02  1.7429650e-01
   7.5028340e-02  1.9902020e-01
   9.2376460e-02  2.2295190e-01
   1.1132610e-01  2.4556650e-01
   1.3153610e-01  2.6715720e-01
   1.5296520e-01  2.8755320e-01
   1.7571620e-01  3.0643340e-01
   1.9946740e-01  3.2416040e-01
   2.2424910e-01  3.4039700e-01
   2.5002330e-01  3.5503700e-01
   2.7657150e-01  3.6834090e-01
   3.0388700e-01  3.7995290e-01
   3.3189820e-01  3.8980470e-01
   3.6043810e-01  3.9814760e-01
   3.8942690e-01  4.0469820e-01
   4.1878380e-01  4.0936430e-01
   4.4839100e-01  4.1243920e-01
   4.7812470e-01  4.1375380e-01
   5.0787070e-01  4.1308410e-01
   5.3755430e-01  4.1068770e-01
   5.6709160e-01  4.0672570e-01
   5.9638130e-01  4.0114520e-01
   6.2537830e-01  3.9409300e-01
   6.5406270e-01  3.8581970e-01
   6.8232870e-01  3.7625900e-01
   7.1005660e-01  3.6529020e-01
   7.3722170e-01  3.5311310e-01
   7.6379060e-01  3.3989690e-01
   7.8963630e-01  3.2548930e-01
   8.1466310e-01  3.0986220e-01
   8.3886920e-01  2.9328630e-01
   8.6222290e-01  2.7587000e-01
   8.8464920e-01  2.5747830e-01
   9.0597080e-01  2.3808200e-01
   9.2603140e-01  2.1779940e-01
   9.4543390e-01  1.9724370e-01
   9.6321100e-01  1.7560700e-01
   9.7375230e-01  1.4824050e-01
   9.8043800e-01  1.1838240e-01
   9.8677820e-01  8.9222670e-02
   9.9244690e-01  6.0276660e-02
   9.9674100e-01  3.0821070e-02
   9.9932700e-01  1.0025520e-03
</coords>
