<reference>interp_152069</reference>
<coords>
   1.0000000e+00 -4.4533100e-02
   9.8767270e-01 -6.5531270e-02
   9.5963220e-01 -6.8897470e-02
   9.2990780e-01 -7.3671540e-02
   8.9866560e-01 -8.0236640e-02
   8.6612610e-01 -8.8152530e-02
   8.3242850e-01 -9.7808210e-02
   7.9779850e-01 -1.0859500e-01
   7.6229070e-01 -1.2080790e-01
   7.2611810e-01 -1.3333130e-01
   6.8938510e-01 -1.4631480e-01
   6.5236390e-01 -1.5716670e-01
   6.1507550e-01 -1.6710950e-01
   5.7765440e-01 -1.7499190e-01
   5.4011670e-01 -1.8198440e-01
   5.0261690e-01 -1.8715370e-01
   4.6525890e-01 -1.9121060e-01
   4.2824610e-01 -1.9300280e-01
   3.9174680e-01 -1.9366530e-01
   3.5595330e-01 -1.9232770e-01
   3.2109600e-01 -1.9006330e-01
   2.8732150e-01 -1.8612600e-01
   2.5484990e-01 -1.8159520e-01
   2.2379600e-01 -1.7562710e-01
   1.9436180e-01 -1.6934990e-01
   1.6660080e-01 -1.6174480e-01
   1.4074850e-01 -1.5413000e-01
   1.1680010e-01 -1.4524430e-01
   9.5023220e-02 -1.3669800e-01
   7.5317590e-02 -1.2699320e-01
   5.7955240e-02 -1.1798910e-01
   4.2770750e-02 -1.0772520e-01
   3.0043270e-02 -9.8665750e-02
   1.9492270e-02 -8.8084370e-02
   1.1373270e-02 -7.8442300e-02
   5.2881380e-03 -6.6175880e-02
   1.7970800e-03 -5.7177640e-02
   1.7079770e-05 -3.8266490e-02
   1.4975700e-03 -1.3938200e-02
   5.1465050e-03  5.4920540e-04
   1.1547060e-02  1.7320490e-02
   2.0175110e-02  3.2268060e-02
   3.1532180e-02  4.9524340e-02
   4.5165560e-02  6.5665990e-02
   6.1389410e-02  8.3055290e-02
   7.9682910e-02  9.8998400e-02
   1.0024780e-01  1.1516020e-01
   1.2263800e-01  1.2955620e-01
   1.4702420e-01  1.4361200e-01
   1.7300700e-01  1.5559220e-01
   2.0067460e-01  1.6665930e-01
   2.2974430e-01  1.7552520e-01
   2.6021560e-01  1.8302670e-01
   2.9187950e-01  1.8796090e-01
   3.2467920e-01  1.9109290e-01
   3.5846750e-01  1.9130730e-01
   3.9317070e-01  1.8944340e-01
   4.2872400e-01  1.8420460e-01
   4.6498060e-01  1.7672940e-01
   5.0181430e-01  1.6731290e-01
   5.3891140e-01  1.5741430e-01
   5.7620850e-01  1.4642070e-01
   6.1344300e-01  1.3545460e-01
   6.5055650e-01  1.2361500e-01
   6.8728780e-01  1.1218000e-01
   7.2358580e-01  1.0008140e-01
   7.5920250e-01  8.8471800e-02
   7.9407330e-01  7.6705180e-02
   8.2796020e-01  6.5629390e-02
   8.6078350e-01  5.4772460e-02
   8.9234990e-01  4.4807940e-02
   9.2256290e-01  3.5263660e-02
   9.5126050e-01  2.6635340e-02
   9.6651600e-01  1.9309110e-02
   9.8315000e-01  4.1654130e-03
   9.9784410e-01 -3.1508140e-02
</coords>
