<reference></reference><coords>
     1.000000    0.000000
     0.998510   -0.001185
     0.995114   -0.001113
     0.980941    0.000595
     0.965988    0.003298
     0.950001    0.005316
     0.932983    0.006742
     0.914911    0.007429
     0.895767    0.007369
     0.875553    0.006337
     0.854259    0.004291
     0.831899    0.001159
     0.808481   -0.003152
     0.784026   -0.008715
     0.758557   -0.015486
     0.732290   -0.023362
     0.705992   -0.031929
     0.679718   -0.040938
     0.653449   -0.050271
     0.627179   -0.059781
     0.600863   -0.069229
     0.574494   -0.078570
     0.548043   -0.087575
     0.521557   -0.096240
     0.494995   -0.104415
     0.468380   -0.111980
     0.441760   -0.118832
     0.415139   -0.124821
     0.388569   -0.129883
     0.362110   -0.133937
     0.335756   -0.136862
     0.309503   -0.138446
     0.283321   -0.138611
     0.257101   -0.137278
     0.231617   -0.134412
     0.207329   -0.130310
     0.184254   -0.125166
     0.162410   -0.119153
     0.141813   -0.112467
     0.122500   -0.105178
     0.104471   -0.097416
     0.087801   -0.089297
     0.072455   -0.080960
     0.058482   -0.072475
     0.045954   -0.063813
     0.034890   -0.055108
     0.025353   -0.046463
     0.017363   -0.037927
     0.010834   -0.029706
     0.005838   -0.021706
     0.002423   -0.013866
     0.000447   -0.005933
     0.000184   -0.003787
     0.000000   -0.000036
     0.001362    0.009972
     0.004330    0.016923
     0.008857    0.023812
     0.014816    0.030941
     0.022142    0.038292
     0.030887    0.045730
     0.040941    0.053310
     0.052364    0.060907
     0.065153    0.068419
     0.079259    0.075894
     0.094696    0.083202
     0.111504    0.090260
     0.129621    0.097082
     0.149086    0.103535
     0.169902    0.109575
     0.192095    0.115033
     0.215609    0.119963
     0.240507    0.124045
     0.266691    0.127232
     0.293162    0.129368
     0.319670    0.130471
     0.346200    0.130612
     0.372760    0.129761
     0.399328    0.128146
     0.425890    0.125836
     0.452464    0.122977
     0.479029    0.119544
     0.505580    0.115663
     0.532141    0.111418
     0.558694    0.106779
     0.585240    0.101861
     0.611797    0.096677
     0.638337    0.091173
     0.664871    0.085472
     0.691415    0.079586
     0.717962    0.073540
     0.744503    0.067378
     0.770667    0.061187
     0.795786    0.055143
     0.819859    0.049262
     0.842889    0.043552
     0.864881    0.038082
     0.885823    0.032830
     0.905729    0.027809
     0.924600    0.023035
     0.942429    0.018499
     0.959205    0.014129
     0.974963    0.009962
     0.989661    0.005881
     0.993174    0.004894
     0.996618    0.003929
     0.999999    0.002988
</coords>
